3 0.000000 0.000000 0.750000 10 18 23 36 118 
10 4.077769 1.635179 0.720847 3 18 23 36 49 69 118 198 
13 4.957769 2.555179 0.715597 48 167 
17 7.765357 -2.298770 0.706847 20 127 
18 8.673929 -1.435913 0.706847 3 10 21 35 118 142 128 99 
20 -2.161491 -2.239563 0.725654 17 25 127 
21 -1.253950 -1.354398 0.723561 18 22 
22 -1.241491 1.531866 0.725654 21 23 
23 2.141641 1.534721 0.714993 3 10 22 49 69 118 
25 -2.100911 2.505349 0.750000 20 71 81 
30 14.607939 1.569047 0.706609 36 67 82 118 141 198 283 
35 11.688295 -1.368050 0.706782 18 36 67 118 128 141 142 198 283 
36 11.644019 1.543799 0.706612 3 10 30 35 118 141 193 198 
47 12.594374 -2.244767 0.706686 66 143 
48 4.977580 12.147703 0.713833 13 49 60 68 70 69 164 
49 4.097579 12.176275 0.713833 10 23 48 60 69 70 147 154 
57 15.530465 2.486170 0.706597 140 244 
59 0.613295 16.576952 0.711353 60 68 70 71 62 
60 5.715999 16.542908 0.714068 48 49 59 61 69 70 71 
61 5.730869 17.414263 0.718324 60 62 147 154 
62 0.753223 17.447029 0.709997 61 59 
66 21.348495 -2.279868 0.706526 47 245 
67 22.228495 -1.445582 0.706526 30 82 35 97 198 203 99 246 283 
68 1.466162 14.436509 0.711936 48 59 69 71 
69 3.031876 14.436509 0.711936 10 49 60 48 68 70 23 164 
70 3.031876 15.316506 0.711936 48 49 59 60 69 71 147 
71 1.466162 15.316506 0.711936 25 59 60 68 70 
81 1.221641 2.443293 0.713829 25 
82 22.228495 1.560132 0.706526 30 67 99 118 198 97 203 283 212 
97 24.187361 -1.394230 0.706546 67 99 191 203 225 82 246 283 
99 24.184528 1.616969 0.706546 82 97 191 181 18 67 246 212 283 
112 12.019640 -18.670401 0.706976 114 142 143 145 
114 12.206752 -19.371399 0.706789 112 143 144 145 
118 8.616507 -0.439801 0.707059 3 10 18 23 30 35 36 82 198 
127 7.788276 -12.247377 0.706633 20 128 142 145 17 
128 8.667809 -12.254466 0.706638 35 127 145 18 
138 25.064514 2.456883 0.706529 195 211 
140 15.537384 7.651472 0.706512 57 
141 14.598136 8.540635 0.706511 30 35 36 153 
142 11.555219 -17.738134 0.706727 18 35 112 127 143 145 
143 12.435219 -17.738134 0.706727 112 114 47 142 
144 12.229270 -20.265669 0.706778 114 145 
145 6.351498 -19.372658 0.706791 112 114 127 128 142 144 
147 18.089401 17.874422 0.706534 49 61 70 153 164 211 
153 15.441648 11.565818 0.706597 141 147 154 193 
154 15.441648 12.445816 0.706597 61 153 164 49 
164 11.168056 12.459502 0.706593 48 147 154 69 167 
167 10.733362 2.453819 0.706582 13 164 
181 32.584530 1.491255 0.706522 99 332 
190 30.608583 -5.308300 0.706469 191 203 246 386 
191 30.664530 -1.388745 0.706522 99 190 97 283 340 
193 11.722429 11.596505 0.706595 36 153 
195 33.493099 2.382683 0.706522 138 211 377 391 400 
198 16.683023 -0.215961 0.706602 10 30 35 36 67 82 118 283 
203 24.148592 -5.404428 0.706512 67 97 225 82 246 212 190 386 381 
211 25.028492 13.954417 0.706522 147 195 212 138 
212 24.148495 13.954417 0.706519 211 99 82 203 
224 21.326290 -8.330652 0.706514 236 
225 22.217539 -7.437098 0.706517 97 203 245 246 237 386 407 408 355 381 428 
236 21.353683 -9.219052 0.706514 224 380 359 366 
237 22.242538 -8.347097 0.706517 225 381 
244 21.308496 2.440132 0.706526 57 
245 21.276039 -5.409523 0.706428 225 66 246 408 409 415 
246 22.225422 -5.411546 0.706434 67 97 99 203 225 245 190 408 
283 24.747507 -0.598041 0.706529 30 35 67 82 97 99 191 198 
332 32.566399 -5.394456 0.706434 181 386 384 390 403 340 381 
340 30.728340 -1.570835 0.706498 191 332 
355 44.146225 -8.380032 0.706463 366 380 381 390 401 365 225 386 403 428 
359 15.331051 -8.179074 0.706443 362 236 
361 16.352522 -4.679016 0.706419 362 384 385 407 410 
362 15.331051 -4.899075 0.706443 359 361 
365 48.468025 -8.336670 0.706463 355 398 399 403 
366 44.146225 -10.460031 0.706463 355 367 380 381 236 411 
367 45.026226 -10.460031 0.706463 366 368 402 
368 45.066223 -9.260031 0.706463 367 369 402 
369 48.224819 -9.225183 0.706392 368 
377 33.532112 -4.531599 0.706434 195 391 
380 42.074974 -9.251597 0.706463 236 355 366 381 390 
381 42.074974 -8.371598 0.706463 355 237 366 380 203 225 332 
384 17.201616 -7.353695 0.706432 361 332 
385 16.223259 -7.328986 0.706407 361 
386 32.415794 -5.557859 0.706443 190 225 332 203 390 355 415 416 417 
390 46.583248 -5.447438 0.706463 355 380 391 398 401 332 386 
391 46.583248 -4.567437 0.706463 195 390 398 401 403 377 
398 49.153252 -5.397438 0.706463 390 391 365 399 401 403 411 415 428 
399 50.654335 -5.409657 0.706438 365 398 400 403 
400 49.994408 -4.204194 0.706463 195 399 401 424 
401 49.103249 -4.217437 0.706463 355 390 391 398 400 429 
402 51.622700 -9.242856 0.706463 367 403 411 417 368 428 
403 51.622700 -8.362857 0.706463 391 365 398 399 402 332 411 417 424 355 
407 18.145037 -5.455613 0.706420 225 361 408 410 
408 20.825039 -5.455613 0.706420 225 245 407 409 246 
409 20.825039 -4.575613 0.706420 245 408 410 
410 18.145037 -4.575613 0.706420 361 407 409 
411 54.603249 -9.597438 0.706463 366 398 402 403 412 417 428 
412 55.507565 -9.624565 0.706463 411 414 413 
413 55.547565 -9.224565 0.706463 412 414 
414 55.983253 -9.247437 0.706463 412 415 413 
415 55.983253 -8.367437 0.706463 398 414 417 245 386 
416 55.174335 -8.329658 0.706463 386 
417 54.753250 -8.417439 0.706463 402 403 411 415 386 428 
419 48.254333 -8.329658 0.706463 
424 51.692890 -4.580030 0.706463 403 400 
428 53.634178 -5.432019 0.706463 225 355 398 402 411 417 
429 53.634178 -4.552019 0.706463 401 
430 54.098511 -5.452333 0.706463 
431 56.378510 -5.452333 0.706463 
434 51.898510 -5.452333 0.706463 
436 51.778511 -5.452333 0.706463 
