3 0.000000 0.000000 0.750000 10 18 21 32 116 
8 11.681723 -1.358132 0.706513 18 32 51 116 189 3392 3396 3406 3413 3399 
10 4.055489 1.634444 0.706544 3 18 21 32 61 116 189 3454 70 
13 4.935489 2.554443 0.706544 60 168 
16 -2.237823 -2.209780 0.706579 17 23 3416 
17 7.809662 -2.283454 0.706590 16 130 
18 8.746806 -1.449168 0.706590 3 8 10 19 116 131 3413 3407 
19 -1.249354 -1.312747 0.706584 18 20 
20 -1.209354 1.567253 0.706584 19 21 
21 2.135013 1.562446 0.706462 3 10 20 66 116 94 3454 3485 
23 -2.155444 2.423188 0.725772 16 79 65 
28 14.614984 1.589012 0.706516 32 51 85 116 128 189 270 3392 
32 11.694264 1.559352 0.706485 3 8 10 28 116 175 189 3392 
45 12.594684 -2.230402 0.706513 50 3400 
50 21.251215 -2.281311 0.706543 45 213 
51 22.175028 -1.399210 0.706545 28 8 85 94 189 196 239 270 87 2442 
60 5.068314 11.774511 0.706606 13 3494 
61 4.205457 12.654510 0.706566 10 66 69 70 68 3462 3485 3493 3471 3499 
62 0.335910 11.831382 0.706566 65 3495 
64 7.989847 17.385540 0.706573 65 3097 3494 
65 0.339929 17.459095 0.706541 62 64 23 
66 2.181251 12.568545 0.706550 61 68 69 81 21 3454 3485 3499 
68 1.379688 14.451589 0.706612 66 69 71 61 3485 3499 3471 
69 3.129093 14.425406 0.706631 61 66 68 70 3462 3465 3485 3499 
70 3.236538 16.297743 0.706643 61 69 3462 3465 3466 10 
71 1.413566 15.340902 0.706551 68 3466 3467 
79 1.215013 2.442446 0.706436 23 3495 
81 1.345448 12.753659 0.706525 66 3496 
85 22.071642 1.610631 0.706525 28 51 87 116 189 270 2442 2661 
87 24.049948 1.607475 0.706530 85 94 146 183 270 51 239 2442 2444 
88 24.987091 2.470332 0.706530 187 2708 
94 24.217165 -1.351451 0.706478 51 87 183 196 239 270 21 
116 8.656865 -0.484485 0.706590 3 8 10 18 21 28 32 85 189 
128 14.614611 8.632983 0.706439 28 2402 3391 3392 
130 7.737041 -11.564611 0.706511 17 3443 
131 8.635715 -12.436570 0.706534 18 3399 3413 3429 3439 3445 3428 3430 3431 
141 15.587960 11.586174 0.706526 175 2943 3390 3391 
142 14.734620 12.462182 0.706526 153 2970 
146 32.588596 1.528549 0.706534 87 318 
153 10.773511 12.372375 0.706469 142 168 2947 3494 
168 10.770643 2.453125 0.706485 13 153 
175 11.750654 11.492376 0.706469 32 141 
181 30.659046 -5.383381 0.706595 183 318 196 325 395 239 
183 30.646770 -1.364560 0.706574 87 181 94 270 324 318 325 
187 33.497166 2.448549 0.706534 88 319 2713 
189 16.715940 -0.482300 0.706571 8 10 28 32 51 85 116 270 
196 24.122221 -5.404593 0.706448 51 94 224 239 181 395 2442 
213 21.211214 -4.561310 0.706552 50 394 
222 21.238186 -8.293856 0.706552 247 388 
224 22.175329 -7.373856 0.706562 196 239 248 318 452 364 
239 22.158968 -5.423303 0.706562 51 94 196 224 390 87 181 340 
247 21.238186 -9.225286 0.706552 222 479 388 
248 22.175329 -8.305285 0.706562 224 345 
270 24.751934 -0.692895 0.706521 28 51 85 87 94 183 189 
318 32.585426 -5.431148 0.706528 181 146 325 183 395 385 370 224 
319 33.579712 -4.539719 0.706528 187 386 
324 30.673368 -1.598262 0.706574 183 
325 31.382368 -3.483727 0.706583 181 318 183 
340 44.003368 -8.395411 0.706521 345 385 370 452 548 1241 1253 1244 239 605 
345 42.192402 -8.464803 0.706434 248 340 395 452 1232 1253 1235 
364 16.178059 -7.297691 0.706506 224 390 
369 51.243969 -9.267089 0.706551 373 597 
370 52.201931 -8.390913 0.706595 340 415 548 318 605 1215 
373 45.008171 -9.261468 0.706551 369 1239 
385 46.640381 -5.457170 0.706460 340 318 395 415 452 548 553 1327 
386 45.756931 -4.554862 0.706460 319 
388 15.242846 -8.094390 0.706536 394 222 247 
390 16.215326 -5.425284 0.706571 364 239 
394 15.296901 -4.580064 0.706521 388 213 3400 
395 33.640160 -6.279792 0.706568 181 196 318 345 385 452 
415 49.143200 -5.417138 0.706546 385 457 370 548 675 1327 1395 646 
423 54.639610 -8.363461 0.706554 457 533 548 675 605 596 1216 
431 50.029884 -4.522967 0.706562 688 
444 55.540668 -9.261296 0.706554 745 593 
452 41.677246 -7.211009 0.706524 340 345 385 395 548 224 
457 61.199913 -5.473626 0.706578 415 423 506 548 675 767 703 3508 
479 41.211849 -9.283599 0.706423 1231 247 
506 64.037987 -5.426687 0.706558 457 533 646 651 675 672 767 605 3508 3581 
513 64.975136 -4.535258 0.706558 700 3606 
533 67.181168 -8.436848 0.706530 506 423 553 675 767 783 1207 
548 49.761642 -7.494056 0.706511 340 370 385 415 423 452 457 675 1327 605 
553 69.184319 -8.403968 0.706511 533 713 650 767 1207 385 
593 55.386528 -29.268856 0.706528 1170 597 444 
596 54.523674 -28.388855 0.706528 423 1215 
597 51.306538 -29.268856 0.706528 593 369 1237 1255 
605 52.264507 -8.453330 0.706561 370 506 675 423 1216 340 548 
646 73.633392 -5.490870 0.706475 506 647 651 675 767 735 961 415 
647 73.717834 -4.490869 0.706475 646 735 
650 77.539207 -8.364945 0.706514 651 553 
651 77.607780 -6.879230 0.706514 506 646 650 767 897 961 
672 64.043930 10.644416 0.706522 506 3581 3637 680 
675 60.893925 -7.243252 0.706581 415 423 457 506 533 548 646 767 961 605 3508 
680 64.410431 10.725516 0.706526 3516 672 
688 60.308479 -4.593626 0.706578 431 3626 
700 72.733543 -4.557862 0.706457 701 513 
701 72.839783 -3.584571 0.706457 700 1038 1072 
703 61.158897 10.589559 0.706502 457 3508 3581 3623 3637 
713 69.032875 -16.044912 0.706476 553 870 939 1164 1168 1207 
735 83.654602 -4.447976 0.706645 646 647 897 961 1051 1088 1068 
745 66.275414 -9.322975 0.706526 444 782 
767 69.653999 -7.736254 0.706547 457 506 533 553 646 651 675 961 
782 66.331291 -19.110750 0.706510 791 745 1170 
783 67.190910 -18.333799 0.706510 533 939 
791 69.241318 -19.329573 0.706454 782 1170 
870 85.717232 -16.044008 0.706506 713 999 1004 1088 1163 
897 83.681335 -6.868722 0.706488 651 735 961 1051 1014 
939 70.147751 -18.408710 0.706454 713 783 1152 1177 1183 1175 1163 
961 77.961060 -6.272373 0.706497 646 651 675 735 767 897 
996 88.595955 -10.266092 0.706634 997 1046 
997 98.511726 -10.247976 0.706423 996 1019 1046 
998 97.563164 -9.367976 0.706418 999 1057 
999 87.647560 -9.370809 0.706632 870 1004 998 1040 1051 1047 1088 
1004 85.731308 -9.966406 0.706472 870 999 1014 1040 1051 1088 
1014 83.702736 -9.926406 0.706472 1004 897 
1019 98.511345 -6.649959 0.706427 997 1043 1070 
1038 82.763168 -3.567976 0.706645 701 1072 
1040 86.056992 -7.392009 0.706471 999 1004 1051 1057 1088 1162 
1043 87.039856 -6.534866 0.706471 1019 1070 
1046 88.402946 -19.244007 0.706557 997 996 1155 1149 
1047 87.540092 -18.364010 0.706557 999 1152 
1051 83.971680 -7.085724 0.706645 735 897 999 1004 1040 
1057 97.585632 -7.535673 0.706426 998 1040 
1068 83.693344 8.541756 0.706530 735 1162 
1070 86.971184 9.431584 0.706562 1072 1019 1043 3777 3780 
1072 82.859062 9.450326 0.706530 701 1070 1038 3616 3777 3780 
1088 86.072563 -10.504391 0.706427 735 870 999 1004 1040 
1145 71.365486 -24.592484 0.706412 1153 1152 1174 1175 1183 1197 1201 
1148 72.445488 -23.415340 0.706412 1149 1156 
1149 72.535027 -19.336588 0.706486 1148 1046 
1152 71.444870 -18.383530 0.706489 939 1145 1047 1168 1183 
1153 77.108345 -24.632483 0.706412 1145 1154 
1154 77.047867 -28.440630 0.706423 1153 1187 
1155 78.185036 -29.483826 0.706442 1046 1156 1170 
1156 78.188347 -23.483912 0.706437 1155 1148 
1162 86.087631 8.501755 0.706506 1068 1040 
1163 85.598984 -16.098177 0.706500 870 1164 939 
1164 84.183685 -16.750942 0.706482 713 1168 1163 
1168 76.129829 -17.530481 0.706471 713 1152 1164 
1170 69.259491 -29.323536 0.706442 593 791 1155 782 
1174 73.962036 -27.558989 0.706399 1145 1175 1193 1187 1201 1197 
1175 70.948837 -27.515804 0.706432 1145 1174 1176 1197 1201 939 1194 
1176 70.858772 -28.467909 0.706423 1175 1177 
1177 70.174850 -28.422316 0.706419 939 1176 
1183 70.637375 -18.945955 0.706454 939 1145 1152 
1187 73.949806 -28.373491 0.706427 1154 1174 
1193 74.339180 -27.610416 0.706399 1174 1194 1197 
1194 76.032158 -27.603607 0.706417 1193 1198 1195 1175 
1195 76.359772 -25.927225 0.706409 1196 1198 1194 
1196 76.032158 -25.306938 0.706417 1195 1197 
1197 74.361633 -25.312920 0.706409 1145 1193 1196 1175 1201 1174 
1198 76.371819 -27.086653 0.706455 1194 1195 
1201 71.724686 -25.910995 0.706366 1145 1174 1175 1197 
1207 68.423080 -14.675801 0.706516 533 553 713 
1215 52.116508 -28.361574 0.706533 370 596 
1216 53.266220 -17.123352 0.706551 423 605 
1231 41.176655 -18.550035 0.706491 479 1278 
1232 42.149139 -19.456556 0.706520 345 1241 1253 1271 1283 1282 1246 1244 
1235 44.011997 -23.347986 0.706470 1241 1245 1244 1238 1249 1271 1283 345 
1237 45.939735 -18.593658 0.706509 1239 597 1247 
1238 45.029140 -23.347986 0.706470 1235 1251 
1239 45.010639 -18.502270 0.706515 1237 373 
1241 44.059902 -19.355568 0.706487 340 1232 1235 1245 1251 1253 1283 
1244 42.377434 -24.284536 0.706527 1235 1245 1254 1232 340 
1245 42.378727 -23.224363 0.706471 1235 1241 1246 1244 1271 1283 
1246 41.009254 -23.049992 0.706456 1245 1271 1283 1232 1254 
1247 45.936237 -27.240038 0.706526 1237 1255 
1249 43.901947 -26.360043 0.706526 1235 1256 
1251 45.059902 -19.495569 0.706487 1241 1238 
1253 42.980766 -11.117990 0.706564 340 345 1232 1241 1283 
1254 41.490944 -24.517487 0.706531 1244 1246 1271 
1255 37.261326 -27.205996 0.706500 597 1247 1278 
1256 38.169895 -26.343138 0.706500 1249 1270 
1270 38.247921 -22.202255 0.706526 1256 1271 
1271 40.540646 -22.198875 0.706526 1232 1235 1245 1246 1283 1270 1254 1282 
1278 37.446892 -18.563698 0.706535 1255 1231 
1282 40.653675 -19.443930 0.706520 1232 1271 
1283 42.401058 -19.902920 0.706520 1232 1235 1241 1245 1246 1253 1271 
1327 47.698162 -2.320771 0.706496 385 415 548 1395 
1395 47.956635 5.823997 0.706474 415 1327 1457 
1457 47.933620 13.888355 0.706569 1395 1512 
1509 46.634285 37.587025 0.706573 1569 1583 1631 1776 1787 
1512 47.910686 21.976425 0.706470 1457 1583 
1541 49.146870 41.197220 0.706519 1750 1564 
1564 47.089378 41.193005 0.706457 1634 1541 
1569 49.222809 37.631042 0.706505 1509 1583 1743 1776 1740 1750 2311 
1583 47.888039 29.983803 0.706483 1509 1512 1569 1776 
1609 43.365490 43.076759 0.706465 1631 1958 1965 1969 1752 2013 2345 2346 2350 
1631 43.112801 40.801929 0.706465 1509 1609 1776 1634 2350 2345 
1634 44.055870 41.200962 0.706551 1631 1564 
1722 66.946671 45.409985 0.706488 1822 1832 2286 4090 
1726 66.058090 44.451508 0.706560 1831 1898 
1735 59.994373 36.749210 0.706531 1736 1762 1822 3614 
1736 60.043514 39.763569 0.706519 1735 1822 
1737 59.174427 40.647549 0.706520 1743 1831 1897 1944 2013 2092 1776 2311 1750 
1740 57.570190 37.662041 0.706531 1569 1743 
1743 58.040718 38.960472 0.706573 1569 1737 1740 1831 1897 1750 1944 2013 
1750 56.016373 40.715836 0.706494 1751 1897 1743 1569 1737 1541 
1751 56.713337 41.163876 0.706546 1750 1752 1897 1911 2372 
1752 56.968910 42.755787 0.706576 1751 1825 1910 1831 1609 2013 2311 2059 1969 1897 
1762 50.257092 36.693901 0.706573 1735 
1771 45.578400 36.684155 0.706521 1800 
1776 49.082462 37.912704 0.706573 1509 1569 1583 1631 1897 1737 
1787 40.146667 37.707127 0.706521 1509 2309 
1800 39.238102 36.787132 0.706491 1771 2152 2959 3329 
1822 66.928040 39.772411 0.706558 1722 1736 2251 1735 
1823 61.847008 40.653576 0.706517 1825 2310 
1825 61.908440 41.993095 0.706499 1823 1752 1894 2013 1897 2311 
1831 59.111137 44.604729 0.706491 1737 1743 1726 1869 1894 1897 1902 1911 1752 2013 1910 1905 1969 
1832 60.023388 45.485363 0.706507 1722 1868 
1868 60.052708 48.726463 0.706519 1832 2216 
1869 59.046997 49.635033 0.706519 1831 1870 1910 1911 1984 2013 2153 1901 2234 2248 2238 2320 
1870 59.130512 51.559654 0.706557 1869 1901 1902 1875 1874 2153 2227 2234 2259 
1874 57.082352 56.587692 0.706535 1902 1875 1870 2153 2177 2195 2357 
1875 59.008221 56.497864 0.706544 1874 1870 
1876 59.988136 52.534039 0.706534 1879 2284 
1879 59.987270 57.437737 0.706547 1876 2167 2201 2244 
1894 65.099129 42.125809 0.706499 1831 1942 1825 2059 2374 
1897 56.852520 40.983212 0.706573 1737 1743 1750 1751 1776 1831 2013 1825 2311 1752 
1898 66.054947 40.701424 0.706404 1726 
1901 56.741516 51.159801 0.706502 1870 1902 1911 1984 2153 2013 1869 2177 2234 2227 2315 
1902 56.978760 52.759323 0.706504 1831 1870 1874 1901 2153 1910 2079 2150 
1905 54.495941 45.620037 0.706482 1906 1909 1958 2013 1831 
1906 54.155773 46.113098 0.706486 1905 2370 
1909 55.996944 45.749527 0.706482 1910 1905 2013 2366 2059 
1910 56.779346 46.186848 0.706607 1752 1869 1909 1911 2013 1831 1902 2366 
1911 56.960003 47.842510 0.706585 1831 1869 1901 1910 1751 2013 2153 2123 2320 
1942 65.549690 41.726948 0.706514 1894 1985 2374 
1944 59.022522 38.815704 0.706573 1737 1743 
1957 49.081699 47.202785 0.706542 1965 2102 
1958 52.066769 45.759388 0.706488 1609 1965 1905 2059 2103 
1964 48.138931 45.950306 0.706549 1965 1969 1966 
1965 49.015133 45.954124 0.706538 1609 1958 1964 1969 2059 1957 2369 
1966 47.788227 46.833740 0.706535 1978 1964 
1968 45.028706 45.805267 0.706525 1972 2346 1969 
1969 47.000885 45.934784 0.706491 1609 1964 1965 1978 1752 1968 2345 1831 
1972 44.783634 46.927277 0.706527 1968 2347 
1978 47.076702 47.129265 0.706525 1969 1966 
1984 55.872826 50.709454 0.706515 1869 1901 2320 2343 2234 2315 2337 
1985 65.544403 40.722527 0.706435 1942 
2013 57.831783 45.267723 0.706623 1737 1743 1752 1825 1831 1869 1897 1909 1910 1911 1905 2153 1901 1609 2311 
2059 50.058529 45.947731 0.706530 1958 1965 1752 1894 2369 1909 2102 
2074 54.199238 69.535370 0.706545 2185 2191 
2079 43.049278 53.073658 0.706515 1902 2326 2350 2345 2357 
2092 55.821293 63.942078 0.706557 2093 2150 2177 2195 2199 1737 
2093 59.614426 63.946323 0.706561 2092 2178 2177 2208 
2102 49.822178 46.830647 0.706452 1957 2059 
2103 52.258698 46.140846 0.706488 1958 2370 
2118 53.336372 70.415375 0.706545 2142 2152 2187 
2123 43.033375 48.106853 0.706499 1911 2326 2343 2345 2350 
2142 53.279243 62.637432 0.706558 2118 2194 
2143 54.288265 61.749844 0.706561 2194 
2150 55.174610 62.643658 0.706565 2092 2151 2177 2195 2199 1902 
2151 54.545002 62.684319 0.706565 2150 2191 
2152 39.303001 57.465477 0.706515 2118 1800 2959 3107 2713 
2153 57.534004 53.314838 0.706513 1869 1870 1874 1901 1902 2013 1911 2195 2357 
2158 47.064800 51.183033 0.706544 2336 2330 
2167 57.959232 57.455376 0.706534 1879 2204 
2177 57.109425 62.601322 0.706547 1874 2092 2150 2195 2200 2093 1901 
2178 59.639427 65.001320 0.706557 2093 2184 2205 
2184 58.129860 65.062080 0.706557 2178 2207 
2185 61.090843 69.544418 0.706550 2074 2193 
2187 61.970844 70.435844 0.706550 2118 2203 
2191 54.163372 63.430229 0.706567 2074 2151 
2193 61.025925 63.400715 0.706547 2185 2200 
2194 53.627502 61.724216 0.706451 2142 2143 
2195 55.854927 61.738594 0.706490 1874 2092 2150 2153 2177 
2199 55.809368 66.937965 0.706557 2092 2150 2208 
2200 60.327309 62.668774 0.706490 2177 2193 
2201 61.613373 61.738796 0.706474 1879 2203 2204 
2203 61.984600 62.465954 0.706490 2187 2201 
2204 58.009724 61.761028 0.706490 2167 2201 
2205 59.586128 65.952431 0.706492 2178 2208 2207 
2207 58.585938 65.897820 0.706557 2184 2205 
2208 59.611221 66.962097 0.706557 2199 2205 2093 
2216 74.323235 48.708099 0.706480 1868 2286 
2227 75.174667 51.576668 0.706478 1870 2228 2238 2239 2248 2259 1901 2301 2255 2290 
2228 75.243233 53.005241 0.706478 2227 2245 
2234 60.761562 50.360161 0.706539 1869 1870 1901 2259 2320 1984 
2236 77.574883 46.713661 0.706511 2239 2248 2290 2301 2306 
2238 79.337418 49.804329 0.706477 2227 2239 2240 2255 2301 1869 2306 
2239 77.628853 49.804329 0.706466 2227 2236 2238 2248 2255 2290 2301 
2240 80.600426 49.216324 0.706501 2238 2249 2255 2258 
2244 83.052689 53.942280 0.706511 2251 1879 2285 4534 
2245 82.019203 53.002155 0.706479 2254 2228 
2248 75.203239 49.599522 0.706482 1869 2227 2236 2239 2259 2288 2301 2290 
2249 81.978592 49.149216 0.706524 2240 2292 
2251 82.934097 45.226292 0.706535 2244 2286 1822 4090 4534 
2254 81.979195 51.979290 0.706479 2245 2255 
2255 80.676338 51.979290 0.706479 2238 2239 2254 2240 2227 2301 2258 
2258 81.019684 51.082504 0.706538 2240 2255 
2259 68.794647 50.495243 0.706538 1870 2227 2234 2248 2301 
2284 74.283241 52.456669 0.706480 1876 2285 
2285 74.380379 53.913811 0.706482 2244 2284 4476 4534 
2286 74.343933 45.231434 0.706531 1722 2216 2251 4090 
2288 75.444496 47.437355 0.706506 2248 2290 
2290 76.299194 47.379292 0.706494 2236 2239 2288 2300 2227 2248 2301 
2292 81.936592 48.368671 0.706505 2249 
2300 76.299194 46.190716 0.706494 2290 2305 
2301 76.810822 51.234718 0.706474 2227 2236 2238 2239 2248 2259 2255 2290 
2305 79.414772 46.198917 0.706537 2300 
2306 79.340065 46.758366 0.706523 2236 2238 
2309 40.233898 56.573742 0.706515 1787 
2310 60.467823 40.718258 0.706573 1823 2311 
2311 59.857521 41.008255 0.706573 1897 2013 1737 1752 1825 1569 2310 
2315 55.977932 51.141407 0.706502 1901 1984 
2320 52.634506 49.165771 0.706495 1869 1984 2234 1911 2343 2327 2336 
2326 43.003998 50.768547 0.706503 2079 2123 2343 2350 2327 
2327 43.978180 50.814053 0.706446 2343 2326 2320 2350 2336 2330 
2330 44.098667 51.172684 0.706455 2158 2327 
2336 49.103836 50.709450 0.706490 2158 2320 2343 2327 
2337 49.121811 51.152828 0.706459 1984 
2343 44.521294 48.835537 0.706495 2123 2320 2326 2327 1984 2336 
2345 43.031776 45.782120 0.706501 1609 2123 2346 2350 2079 1631 1969 
2346 43.913372 45.798283 0.706499 1609 1968 2345 2347 
2347 43.943554 47.203922 0.706507 1972 2346 
2350 41.834370 47.391670 0.706464 1609 1631 2079 2123 2326 2345 2327 
2357 43.477402 53.931004 0.706556 2079 2153 1874 
2366 56.046162 46.163349 0.706501 1910 1909 
2369 49.641037 46.251568 0.706549 2059 1965 
2370 53.112003 46.006927 0.706498 2103 1906 
2372 56.008434 41.161755 0.706504 1751 
2374 65.149696 41.766945 0.706514 1894 1942 
2402 17.517469 8.632983 0.706468 128 2747 
2413 25.197872 23.082644 0.706518 2444 2700 2720 2722 
2442 23.001001 5.520628 0.706516 51 85 87 196 2563 
2444 24.122871 22.657642 0.706518 87 2413 2465 2563 2687 2722 2795 
2465 24.047594 26.582571 0.706523 2444 2640 2687 2696 2699 2675 2795 2661 
2467 24.984735 27.473999 0.706523 2639 2678 
2563 23.031225 13.566767 0.706548 2442 2444 2687 
2639 25.053345 37.759457 0.706370 2467 2959 
2640 24.043661 38.649101 0.706367 2661 2465 2795 2932 3008 2935 3368 
2661 22.174732 38.584229 0.706492 2640 2747 2932 2465 3008 3136 85 
2675 31.059002 26.531055 0.706525 2465 2676 
2676 31.011868 25.039444 0.706529 2675 2696 
2678 31.914618 27.442869 0.706539 2467 2713 2959 
2687 23.047413 21.738043 0.706494 2444 2465 2563 2795 
2696 28.857584 25.108017 0.706529 2465 2699 2700 2676 2716 
2697 26.402803 22.708696 0.706486 2700 2720 
2699 27.602869 23.907644 0.706515 2465 2696 2700 2719 
2700 26.487570 23.908199 0.706513 2413 2696 2699 2697 
2708 24.979002 21.771055 0.706513 2713 88 
2713 31.951038 21.804766 0.706532 2678 2708 2152 187 
2716 29.203791 23.397755 0.706499 2718 2696 
2718 28.910357 22.647507 0.706542 2719 2716 
2719 27.318687 22.681200 0.706523 2718 2699 
2720 25.827881 22.685364 0.706524 2413 2697 
2722 25.056557 22.678286 0.706470 2444 2413 
2747 17.619059 38.668030 0.706620 2661 2943 2949 3008 3148 3379 2402 
2795 23.114500 29.809042 0.706514 2444 2465 2640 2687 2932 
2906 30.593967 41.779552 0.706405 2963 2908 3338 3368 3366 
2908 30.640074 44.134258 0.706403 2942 3290 2906 3287 3308 2963 3266 
2932 22.579403 37.848103 0.706590 2640 2661 2795 
2935 31.072874 38.625031 0.706478 2640 2963 
2939 14.673707 41.808319 0.706557 2942 2943 2949 2952 3148 3088 3008 3146 3368 3366 
2942 14.673707 44.145458 0.706494 2939 2949 2951 2952 3089 3117 3148 3113 3134 3287 2908 3266 
2943 15.651546 38.580788 0.706620 2747 2939 2949 2974 3148 3379 141 3387 
2947 12.227559 37.792171 0.706449 2970 3003 3097 153 
2949 13.193273 39.643597 0.706449 2747 2939 2942 2943 2974 3008 2951 3088 2955 3117 3148 3368 
2951 6.326630 45.618874 0.706570 2942 2952 2954 2955 3046 3047 2949 3089 3148 3287 
2952 13.111011 45.554264 0.706529 2939 2942 2951 3089 3117 3136 3146 3148 3134 3102 3287 
2953 12.198320 46.444702 0.706568 2954 3107 
2954 6.178380 46.446991 0.706568 2951 2953 3046 3047 3107 3136 
2955 6.110378 40.940018 0.706493 2951 3088 2949 3046 3148 3113 3134 3287 
2959 32.992878 37.745037 0.706447 2678 1800 2639 2152 3329 
2962 31.991934 39.785175 0.706447 2963 3328 
2963 31.387489 39.718513 0.706447 2906 3008 2935 2962 2908 3368 
2970 14.684644 37.731201 0.706620 2947 142 
2974 13.193273 38.712170 0.706449 2943 2949 
3003 12.227559 38.723598 0.706449 2947 3097 
3008 21.463963 39.421051 0.706491 2640 2661 2747 2949 2963 3148 2939 3368 3113 
3019 16.021135 51.287506 0.706510 3146 3020 3229 3104 
3020 16.070015 52.560577 0.706504 3019 3229 
3046 5.572665 46.566986 0.706568 2951 2954 3047 3089 2955 3111 3134 3167 3091 
3047 5.572665 47.446991 0.706568 2951 2954 3046 3081 
3067 -0.819075 46.564568 0.706568 3116 3147 
3081 -1.696954 47.443245 0.706570 3097 3107 3047 
3088 0.890978 44.753456 0.706541 2949 2955 3089 3094 3113 3139 3136 2939 3130 
3089 2.456692 44.753456 0.706541 2942 2951 2952 3046 3088 3091 3113 3134 3167 3148 3112 3136 
3091 2.560921 46.495365 0.706546 3089 3046 
3093 1.535587 45.655182 0.706514 3094 3147 
3094 0.909517 45.629772 0.706528 3088 3139 3140 3093 3136 
3097 -1.793049 38.795559 0.706568 3081 2947 3003 64 
3102 13.317269 51.278053 0.706508 2952 3104 
3104 14.183965 51.606239 0.706499 3019 3102 
3107 12.335094 53.430065 0.706501 2954 3081 2953 2152 3329 
3110 -0.189689 40.179752 0.706533 3111 3167 3135 
3111 1.470456 39.994129 0.706552 3046 3110 3112 3130 3134 3372 3113 
3112 1.745116 41.544430 0.706558 3111 3113 3130 3134 3089 3287 
3113 1.486951 42.161274 0.706568 3088 3112 3135 3136 3089 3134 2942 2955 3167 3008 3139 3372 3111 
3116 -0.855907 39.686985 0.706568 3067 
3117 14.615831 46.774128 0.706486 2942 2949 2952 3146 3148 3287 3308 3172 3266 
3130 2.966972 40.142128 0.706568 3111 3112 3134 3372 3088 
3134 2.966972 41.022129 0.706568 3046 3089 3111 3112 3113 3130 2952 2942 2955 3372 
3135 -0.641548 43.094597 0.706569 3113 3136 3140 3167 3110 3287 
3136 0.191439 43.118057 0.706565 2952 3113 3135 3088 3139 3167 2661 3094 2954 3089 
3139 0.456693 44.833454 0.706541 3088 3094 3140 3136 3113 3372 
3140 -0.412740 44.825558 0.706569 3094 3135 3139 
3146 14.610926 49.144569 0.706486 2952 3019 3117 3207 2939 3314 3356 3360 3351 
3147 1.640156 46.472054 0.706528 3067 3093 
3148 12.960870 41.839363 0.706557 2747 2939 2942 2943 2949 2952 2955 3008 3117 2951 3089 
3167 -0.193049 42.189846 0.706568 3046 3089 3135 3136 3113 3110 
3172 18.682459 47.210865 0.706510 3117 3283 
3207 17.298660 51.194099 0.706461 3146 3208 3229 3314 3356 3360 
3208 17.367630 52.559452 0.706459 3207 
3229 16.376451 51.277267 0.706518 3207 3020 3019 
3255 28.746288 47.131454 0.706424 3290 3312 
3266 25.514534 46.773266 0.706511 3308 2942 3306 3290 2908 3117 3312 
3283 20.699730 47.175171 0.706531 3306 3172 
3287 15.529196 44.980888 0.706500 2942 2951 2952 2955 3112 3117 2908 3308 3135 
3290 30.638720 46.792694 0.706410 2908 3314 3338 3255 3308 3266 
3306 23.710199 47.198776 0.706457 3266 3283 
3308 23.549120 45.697243 0.706534 2908 3117 3266 3287 3290 
3312 25.670630 47.151260 0.706526 3255 3266 
3314 30.545597 49.129086 0.706427 3290 3146 3207 3331 3334 3335 3338 3341 3347 3352 
3326 30.850334 51.369965 0.706453 3328 3331 
3328 32.081001 51.131466 0.706459 2962 3326 
3329 32.997406 53.434631 0.706453 1800 2959 3107 
3330 29.553963 52.452869 0.706493 3331 
3331 29.423271 51.204224 0.706455 3314 3335 3326 3330 
3333 27.837458 51.527943 0.706444 3334 3342 
3334 27.950766 51.194008 0.706450 3314 3335 3342 3333 
3335 29.039587 51.186131 0.706444 3314 3331 3334 3336 3341 
3336 29.074903 52.482971 0.706470 3335 
3338 30.728760 46.983330 0.706507 3290 3314 2906 
3339 25.681684 52.534557 0.706543 3352 
3340 26.205196 52.441444 0.706555 3341 
3341 26.224987 51.194340 0.706443 3314 3342 3352 3340 3335 
3342 27.116323 51.207779 0.706443 3334 3341 3352 3333 
3346 22.806061 52.449680 0.706562 3347 
3347 22.847631 51.330883 0.706441 3314 3348 3346 3352 3360 
3348 23.727631 51.330883 0.706441 3347 3351 3349 
3349 23.767633 52.559452 0.706441 3348 3350 
3350 24.647631 52.519459 0.706441 3349 3351 
3351 24.814274 51.198280 0.706449 3348 3352 3350 3146 
3352 25.673660 51.219101 0.706446 3341 3339 3351 3342 3347 3314 
3354 20.504416 52.408642 0.706564 3360 
3356 18.870487 51.707844 0.706445 3146 3207 
3360 20.500183 51.195129 0.706451 3146 3347 3354 3207 
3366 28.793444 42.139965 0.706543 2906 2939 
3368 30.476757 41.208305 0.706443 2640 2906 2963 3008 2939 2949 
3372 3.386369 39.736382 0.706608 3111 3130 3113 3139 3134 
3379 16.809608 36.230904 0.706478 2747 2943 3387 
3387 16.432425 28.235018 0.706498 2943 3379 3390 
3390 16.523584 20.110662 0.706568 141 3387 3391 
3391 15.796702 11.424075 0.706468 128 141 3390 3392 
3392 13.486585 6.272852 0.706497 8 28 32 128 3391 3413 
3395 10.918206 -18.437958 0.706544 3396 3407 
3396 10.976032 -16.745895 0.706510 8 3395 3404 3413 3429 3399 3445 
3399 8.836945 -16.645929 0.706526 3404 3407 131 8 3428 3396 3445 
3400 12.377115 -20.296370 0.706553 45 394 3416 
3404 9.314060 -16.417593 0.706510 3396 3399 3413 3428 3429 3445 
3406 11.527143 -19.362467 0.706544 8 3417 
3407 8.809688 -18.410612 0.706527 3399 3395 18 3427 3429 3445 
3413 9.683925 -7.749054 0.706589 8 18 131 3392 3396 3404 3445 
3416 3.788169 -20.252850 0.706553 16 3400 3443 
3417 4.668169 -19.332846 0.706553 3406 3439 
3427 5.240659 -16.210255 0.706562 3428 3431 3407 
3428 6.898250 -16.204166 0.706573 3399 3404 3427 3429 3430 3445 131 
3429 7.142038 -14.473911 0.706604 131 3396 3404 3428 3430 3445 3407 
3430 6.926821 -13.924165 0.706602 3428 3429 3431 131 
3431 5.240659 -13.885808 0.706604 3430 3427 131 
3439 4.697041 -12.501753 0.706511 3417 131 
3443 3.834184 -11.564611 0.706534 3416 130 
3445 7.988653 -15.552155 0.706591 131 3396 3399 3404 3428 3429 3407 3413 
3454 3.350070 3.180656 0.706436 10 21 66 3485 
3462 4.576303 14.438129 0.706557 69 70 3465 3471 61 3485 3499 3486 
3465 4.576885 16.111654 0.706610 69 70 3462 3466 3485 3472 
3466 2.360688 16.136881 0.706643 70 71 3465 3467 
3467 2.315770 15.337494 0.706632 3466 71 
3471 6.361715 14.130733 0.706523 3462 3486 61 3499 68 
3472 6.915910 16.071381 0.706569 3486 3465 
3485 3.367124 11.825232 0.706566 21 61 66 68 69 3454 3462 3465 3499 
3486 6.861727 14.426878 0.706570 3471 3472 3462 
3492 7.119742 16.534512 0.706573 3493 3496 
3493 7.079742 12.654510 0.706573 61 3492 
3494 7.942599 11.774511 0.706573 64 153 60 
3495 1.315911 11.731381 0.706566 62 79 
3496 1.219280 16.546616 0.706551 81 3492 
3499 5.021000 13.571957 0.706558 61 66 68 69 3462 3471 3485 
3500 65.405090 17.516516 0.706499 3618 3631 3644 3669 3716 
3508 62.838848 0.550105 0.706510 457 506 675 703 3581 
3516 64.512199 16.627300 0.706503 680 3536 
3536 56.089520 16.713928 0.706604 3516 3567 
3566 53.575703 15.045535 0.706649 3567 3637 3644 3646 3647 
3567 56.003738 15.014647 0.706642 3566 3637 3536 
3581 63.218521 8.588000 0.706536 506 672 703 3508 
3606 64.983711 9.734624 0.706604 513 3616 
3610 51.239250 9.808213 0.706649 3614 3626 
3612 52.207645 19.549505 0.706649 3623 
3614 51.285343 20.423353 0.706649 3610 1735 
3616 67.950089 9.761730 0.706537 1072 3606 3659 3777 
3617 67.023911 10.626062 0.706543 3618 3631 
3618 65.398552 10.708392 0.706542 3500 3617 
3623 52.160854 10.677482 0.706649 3612 703 
3626 60.278896 9.698130 0.706502 688 3610 
3631 67.048882 18.059671 0.706574 3500 3617 3716 3644 3713 3758 
3637 59.291798 11.977368 0.706600 672 703 3566 3567 
3644 53.398872 17.763958 0.706605 3566 3646 3500 3647 3669 3631 
3646 53.169689 15.361341 0.706649 3566 3644 3647 
3647 53.484280 17.790091 0.706643 3644 3566 3646 
3659 68.054588 17.179670 0.706574 3616 3712 
3669 57.218502 18.505844 0.706540 3500 3644 3716 
3712 82.777733 17.214447 0.706564 3659 3780 
3713 83.714882 18.105875 0.706564 3631 3744 3779 3783 3742 
3716 65.996384 18.711151 0.706556 3500 3631 3669 3758 
3742 91.639305 19.541048 0.706537 3794 3713 3837 3850 
3744 86.165306 18.134462 0.706577 3713 3773 3779 3774 3794 
3758 74.879868 18.763834 0.706550 3631 3716 3779 
3771 87.087158 17.263571 0.706580 3772 3777 
3772 94.922241 17.258907 0.706493 3771 3777 3869 4099 
3773 94.047798 18.129171 0.706494 3744 3831 
3774 86.143188 14.119021 0.706550 3744 3783 
3777 87.034615 13.239022 0.706569 1070 1072 3616 3772 3771 3780 
3779 82.948853 18.667826 0.706506 3713 3744 3758 3794 
3780 82.777733 13.254447 0.706564 1070 1072 3777 3712 
3783 83.714882 14.174447 0.706564 3713 3774 
3794 91.278587 19.283218 0.706581 3742 3744 3779 
3819 90.747887 20.421047 0.706537 4098 
3831 94.080269 36.353886 0.706547 3773 3850 3896 4117 4101 4038 
3837 91.923897 20.170504 0.706539 3742 3850 3896 
3850 91.644035 36.356876 0.706589 3831 3742 3837 3896 3908 4117 4093 
3862 88.431503 41.733795 0.706504 3908 4328 4340 4342 4041 4337 4625 4632 4233 
3869 95.076019 35.248276 0.706562 3772 4099 
3896 92.883850 28.877193 0.706613 3831 3837 3850 
3908 88.260719 39.449677 0.706504 3850 3862 4117 4077 3911 4364 
3911 97.313568 39.374828 0.706544 4117 3908 4077 4179 4001 4364 
4001 97.442284 39.805622 0.706527 3911 
4037 99.422241 39.822208 0.706523 4179 
4038 101.221512 39.352524 0.706548 4040 4100 4179 4077 4244 4289 4196 3831 
4040 101.979095 39.950962 0.706546 4038 4041 4196 4289 4280 4240 
4041 102.111084 41.656982 0.706552 4040 4213 4279 4327 3862 4070 4340 4289 4466 4480 4077 4244 
4066 106.893669 40.177845 0.706542 4070 4138 4213 4100 4289 
4070 106.919823 42.001076 0.706546 4066 4213 4233 4041 4289 4632 
4077 102.620201 37.406479 0.706589 4117 4179 3908 4038 4289 4244 4041 3911 4612 
4090 84.285706 35.467972 0.706504 2251 4098 4534 2286 1722 
4093 85.215637 36.358307 0.706504 3850 4529 
4098 90.792946 35.307735 0.706512 3819 4090 
4099 104.952965 35.474110 0.706621 3772 3869 4224 4318 
4100 104.183998 39.397255 0.706561 4038 4213 4244 4066 4138 4289 4228 4466 4610 
4101 104.033653 36.321995 0.706621 3831 4612 
4117 94.572006 37.023006 0.706581 3831 3850 4077 4179 3908 3911 4244 
4138 110.106712 39.938816 0.706546 4066 4100 4186 4319 
4179 99.997864 39.338753 0.706537 4117 4038 4077 3911 4037 
4186 110.545464 40.634205 0.706542 4211 4138 4319 
4196 101.291779 39.926651 0.706505 4040 4038 
4211 110.594582 41.720039 0.706501 4186 4233 
4213 105.161537 40.574951 0.706563 4041 4066 4070 4100 4244 4280 4289 
4224 105.055832 38.484955 0.706566 4099 4318 
4228 111.067276 39.391834 0.706547 4100 4351 
4233 110.088257 42.205120 0.706542 4211 4070 3862 4327 
4238 101.998734 55.219719 0.706514 4240 4270 4239 4530 4549 4565 4494 4619 
4239 103.998734 55.151150 0.706514 4238 4240 
4240 103.987907 50.298138 0.706496 4238 4269 4270 4239 4353 4040 4466 4480 4663 4689 4673 
4241 104.959335 51.200993 0.706569 4242 4735 
4242 104.916435 56.145638 0.706536 4243 4241 4734 
4243 102.993019 56.196865 0.706514 4242 4548 
4244 102.988403 38.907734 0.706564 4038 4100 4213 4289 4077 4466 4117 4480 4041 4610 
4269 101.963577 50.007202 0.706622 4240 4270 4280 4353 4466 4480 4549 4661 4663 
4270 102.103569 51.607189 0.706622 4238 4240 4269 4466 4480 4530 4565 4560 4619 4624 
4274 99.315430 44.865051 0.706585 4277 
4277 101.174088 44.333435 0.706543 4279 4278 4328 4274 
4278 101.230789 44.968239 0.706545 4277 4279 
4279 101.990791 44.968239 0.706545 4041 4277 4280 4278 4466 4480 
4280 102.139267 46.590893 0.706547 4213 4269 4279 4040 4466 4480 4500 4629 
4289 102.068398 39.752735 0.706538 4038 4040 4066 4077 4100 4244 4070 4213 4041 
4295 97.346581 44.871166 0.706515 4328 
4318 111.958702 38.483257 0.706547 4099 4224 4711 
4319 110.148865 40.465714 0.706552 4138 4186 
4326 94.218689 45.741344 0.706516 4337 4462 
4327 95.249496 44.391052 0.706518 4328 4337 4041 4637 4233 
4328 97.213097 44.384338 0.706515 3862 4327 4337 4295 4277 
4336 93.307747 44.365036 0.706529 4337 4339 4342 4632 
4337 94.138901 44.383873 0.706496 4327 4336 4328 4342 4326 3862 
4339 93.015663 45.572498 0.706529 4336 4461 
4340 90.190002 44.518169 0.706562 3862 4342 4041 4481 4632 
4342 92.201538 44.530918 0.706548 3862 4336 4340 4337 4461 4625 
4351 111.084824 43.176579 0.706511 4228 
4353 101.099098 49.402878 0.706510 4240 4269 4466 4480 4656 4630 4660 4661 4689 
4364 89.686264 39.736843 0.706504 3908 3911 
4461 92.209984 45.716812 0.706548 4342 4339 
4462 95.206200 45.329121 0.706533 4326 
4466 102.870575 48.135220 0.706484 4041 4100 4240 4244 4269 4270 4279 4280 4353 4480 4656 4629 4689 
4474 99.188789 68.220779 0.706545 4574 4579 
4476 98.297363 69.100784 0.706545 4534 4581 4576 2285 
4477 105.009331 47.334072 0.706533 4674 
4480 104.079956 48.336292 0.706496 4041 4240 4269 4279 4280 4353 4466 4270 4244 4565 4675 4689 4677 
4481 90.243652 45.391739 0.706590 4340 4633 
4491 100.840851 64.017586 0.706540 4494 4531 4530 4549 4565 4567 4578 4598 4601 
4492 102.991081 64.995842 0.706529 4550 4568 
4494 100.865852 64.972588 0.706538 4491 4556 4550 4578 4238 
4500 88.252991 46.696823 0.706590 4280 4625 4629 4656 
4529 85.138687 55.173138 0.706570 4530 4093 
4530 100.195251 55.224548 0.706521 4238 4270 4531 4549 4529 4491 4565 4619 
4531 100.195847 61.272591 0.706538 4491 4530 4532 4549 4565 4578 4598 
4532 99.172760 61.348778 0.706529 4531 4578 
4533 99.189522 56.104553 0.706521 4534 4597 
4534 84.352180 56.174072 0.706569 2244 4476 4533 2251 2285 4090 
4545 97.348495 49.842224 0.706579 4658 
4548 102.984856 60.387993 0.706500 4243 4596 
4549 102.046524 61.282032 0.706542 4238 4530 4531 4491 4565 4269 4598 4600 
4550 102.991081 65.472511 0.706529 4494 4568 4492 4556 
4556 101.933151 65.091316 0.706546 4494 4550 
4560 88.283089 51.775055 0.706498 4270 4624 4629 4636 
4565 101.240562 55.983540 0.706511 4238 4270 4491 4530 4531 4549 4480 
4567 104.671066 64.024872 0.706532 4491 4568 4598 4601 
4568 104.704948 64.961891 0.706531 4550 4492 4567 4601 
4574 106.029541 68.184555 0.706538 4474 4604 
4576 98.235519 60.469326 0.706532 4476 4597 
4578 99.611725 63.278320 0.706497 4491 4494 4531 4598 4532 
4579 99.221436 63.377037 0.706540 4474 
4581 106.996010 69.062752 0.706546 4476 4596 
4588 105.759926 62.231998 0.706505 4600 4601 
4596 106.938858 60.411316 0.706546 4581 4548 
4597 99.220741 60.399761 0.706529 4533 4576 
4598 102.542244 61.812111 0.706555 4491 4531 4549 4567 4578 4601 
4600 105.980736 61.307518 0.706529 4549 4588 
4601 105.244972 63.117420 0.706526 4598 4567 4568 4604 4491 4588 
4604 105.995514 63.349323 0.706534 4574 4601 
4610 104.033424 38.823814 0.706484 4244 4100 
4612 103.789536 37.130787 0.706489 4077 4101 
4619 97.493980 53.615662 0.706496 4238 4270 4530 4624 
4624 89.561699 52.201920 0.706526 4270 4560 4619 
4625 88.222298 44.431831 0.706493 3862 4500 4632 4342 4636 
4629 88.193024 49.324020 0.706503 4500 4560 4630 4636 4656 4466 4655 4280 
4630 89.183075 49.353245 0.706537 4629 4656 4353 4655 
4632 89.098572 44.403889 0.706536 3862 4340 4625 4633 4336 4070 
4633 89.143417 45.736004 0.706590 4481 4632 
4636 87.858292 51.425961 0.706568 4560 4629 4625 
4637 94.725967 45.272667 0.706502 4327 
4646 92.595581 49.706772 0.706529 4655 4658 
4655 89.622261 49.653667 0.706549 4646 4629 4630 
4656 89.357407 47.462124 0.706548 4466 4500 4629 4630 4353 
4658 94.592430 49.709328 0.706522 4545 4646 
4660 99.750137 49.715839 0.706543 4353 
4661 101.224625 49.936035 0.706520 4269 4353 
4663 120.137039 50.245338 0.706526 4240 4673 4675 4706 4269 4727 4720 4754 4758 
4672 122.620308 46.734001 0.706532 4673 4726 4727 4748 4750 4675 4758 4761 
4673 122.648872 49.813999 0.706532 4663 4672 4675 4677 4706 4240 4727 4754 4758 
4674 119.235519 47.417545 0.706530 4477 4729 
4675 120.147781 48.351982 0.706525 4480 4663 4673 4706 4727 4728 4672 4758 
4677 124.366531 49.764771 0.706528 4673 4681 4698 4754 4750 4480 4746 
4681 125.678917 49.157600 0.706532 4677 4692 4752 4754 4746 4698 
4682 127.086563 52.675911 0.706524 4701 4720 
4689 108.707504 49.288486 0.706511 4240 4353 4466 4480 4706 
4692 127.035210 49.153870 0.706510 4681 4739 
4698 125.772278 51.995914 0.706524 4701 4677 4754 4746 4752 4681 
4701 127.046562 51.995914 0.706524 4682 4698 
4702 127.995140 53.510197 0.706524 4711 4734 
4706 116.731628 49.189293 0.706603 4663 4673 4675 4689 4754 
4708 127.044174 43.785397 0.706468 4732 4745 
4711 127.964180 42.905396 0.706468 4702 4729 4318 
4720 120.201759 52.701023 0.706527 4682 4663 
4726 121.315529 45.657551 0.706532 4672 4727 4738 4750 4758 4761 4760 
4727 121.327278 47.294071 0.706512 4663 4672 4673 4675 4726 4728 4758 4761 
4728 120.393951 47.434078 0.706512 4675 4727 
4729 119.235519 42.971832 0.706532 4711 4674 
4732 120.175591 43.829472 0.706492 4737 4708 4760 
4734 119.257042 53.582485 0.706526 4242 4702 4735 
4735 119.188469 51.153912 0.706526 4241 4734 
4737 120.229340 46.493736 0.706532 4732 4738 
4738 120.469337 45.513733 0.706532 4726 4737 
4739 127.009666 48.381577 0.706468 4692 4741 
4741 125.631737 48.177208 0.706468 4739 4746 
4745 127.006386 45.955402 0.706468 4708 4748 
4746 124.468933 48.382504 0.706482 4748 4741 4677 4681 4698 4750 4754 
4748 124.423744 46.033211 0.706465 4672 4746 4745 4750 4761 
4750 124.282265 46.635834 0.706473 4672 4677 4726 4746 4748 4761 
4752 126.049255 51.046635 0.706521 4681 4698 
4754 124.754456 51.318108 0.706456 4663 4673 4677 4681 4698 4706 4746 
4758 122.079071 47.843834 0.706532 4663 4672 4673 4675 4726 4727 
4760 120.218346 45.484802 0.706452 4726 4732 
4761 123.499794 45.734962 0.706468 4672 4726 4727 4748 4750 
