10 0.648704 -3.415746 0.500000 14 120 3909 46 25 27 15 
11 1.011345 -3.888470 0.500000 14 120 
14 0.717918 -4.027302 0.500000 15 10 3909 11 
15 0.652762 -4.483778 0.500000 14 474 3909 16 17 3867 10 
16 1.032968 -4.704219 0.500000 17 15 
17 1.024247 -5.956639 0.500000 16 474 472 3701 3702 3867 3821 3802 3387 15 3704 
23 2.440387 -1.705024 0.500000 24 145 31 235 341 472 3672 3677 3726 3682 539 30 
24 1.227711 -1.667069 0.500000 23 25 31 46 145 235 343 491 479 3778 340 
25 0.802408 -2.038293 0.500000 24 30 46 3778 10 27 
27 1.053445 -2.759056 0.500000 10 25 
30 0.453956 -0.368847 0.500000 25 31 36 38 46 59 145 147 234 47 23 34 235 
31 1.143897 -0.582979 0.500000 24 30 23 235 341 460 340 343 47 145 38 46 595 
33 1.225024 0.893362 0.500000 62 63 34 58 242 
34 0.706153 0.898315 0.500000 40 59 62 35 33 36 38 147 41 30 
35 0.627135 0.286720 0.500000 34 36 
36 0.464983 0.236747 0.500000 30 38 40 59 62 147 34 474 35 47 
38 -0.100686 -0.391832 0.500000 30 36 46 145 147 62 34 31 146 40 
40 -0.320421 0.656516 0.500000 34 36 41 58 59 62 147 199 155 38 
41 -0.898683 0.739631 0.500000 40 58 59 156 193 4097 34 
46 0.466422 -1.734929 0.500000 24 25 30 38 47 145 3909 10 3682 31 147 
47 -0.729438 -1.667596 0.500000 46 77 145 3682 55 235 30 3927 80 31 486 3691 4540 36 
55 -2.151296 -4.189080 0.500000 80 47 4114 3927 
56 -2.351764 1.757244 0.500000 161 73 
57 -0.853754 1.331517 0.500000 58 157 
58 -0.828754 1.031516 0.500000 40 41 59 57 156 193 33 
59 -0.347779 1.023401 0.500000 30 34 36 40 41 58 62 60 147 155 199 
60 -0.269111 1.967306 0.500000 59 61 
61 0.643916 1.953110 0.500000 60 62 
62 0.664336 1.247944 0.500000 33 34 36 40 59 61 147 38 63 
63 1.835490 0.905868 0.500000 64 201 33 241 62 4564 
64 1.825139 1.352704 0.500000 63 200 
69 1.049632 1.849258 0.500000 70 311 
70 1.050096 2.356395 0.500000 69 71 3479 3494 3608 259 
71 -0.654855 2.362442 0.500000 73 70 3479 3563 3593 3999 3494 
73 -2.461223 2.320276 0.500000 71 259 56 3479 258 3593 3999 4239 3563 
77 -2.145735 -1.846523 0.500000 47 3682 4540 80 194 3691 
79 -2.523078 -3.852468 0.500000 80 3993 
80 -2.244994 -3.854707 0.500000 55 79 47 77 
86 -3.456359 -3.372051 0.500000 3902 3976 3990 4375 
120 1.028677 -3.636540 0.500000 10 11 
145 -0.361758 -0.880251 0.500000 23 24 30 38 46 47 146 3682 3691 31 4540 340 600 
146 -0.336798 -0.402944 0.500000 145 38 
147 -0.124103 0.258595 0.500000 30 36 38 40 59 62 34 46 
155 -3.684937 1.073000 0.500000 156 199 59 193 4238 4397 4353 40 
156 -3.145329 1.074121 0.500000 41 58 155 199 157 193 4397 4237 
157 -3.098334 1.383508 0.500000 57 156 
161 -3.110848 1.766342 0.500000 56 4493 
192 -3.723132 0.452453 0.500000 199 4397 
193 -2.980560 0.638774 0.500000 41 155 156 199 556 4238 58 
194 -3.817906 -0.592525 0.500000 196 3691 3682 4004 4038 4540 77 
196 -2.695165 -0.589210 0.500000 194 3682 
199 -3.631466 0.685786 0.500000 155 156 192 193 4237 4238 4397 4041 59 40 
200 2.930686 1.434900 0.500000 64 201 
201 2.942214 1.207170 0.500000 63 202 241 200 4564 
202 4.230793 1.244169 0.500000 201 241 389 326 344 4564 4570 4571 
234 1.127534 -0.422340 0.500000 30 
235 2.332757 -0.609137 0.500000 23 24 31 341 343 425 451 491 47 30 
241 4.231751 0.835800 0.500000 202 63 201 242 344 343 4564 4571 
242 1.239630 0.733706 0.500000 241 33 
258 -2.650689 1.995775 0.500000 259 4493 73 
259 -2.650689 2.349942 0.500000 73 258 4239 4156 70 
311 1.484398 1.811963 0.500000 69 3467 
326 4.881330 -0.418624 0.500000 340 343 344 424 491 486 202 460 389 4571 
340 5.760105 -1.836561 0.500000 326 341 425 427 491 591 31 24 145 
341 3.664705 -1.763406 0.500000 23 31 340 343 486 235 491 540 424 3672 3677 472 
343 4.347997 -0.418624 0.500000 24 326 341 344 241 235 31 4571 
344 4.347188 0.529987 0.500000 241 326 343 202 389 4570 4571 4564 
377 4.921638 8.150926 0.500000 404 3424 3596 3421 3609 4570 4569 4576 
389 4.385787 2.587606 0.500000 202 3421 3430 344 3480 4570 4571 4576 326 
404 4.259362 6.872771 0.500000 377 3423 3421 3569 3609 3424 4576 4570 
424 7.781194 -1.774060 0.500000 326 425 460 461 485 486 639 427 341 
425 6.995425 -1.750118 0.500000 340 424 427 480 485 486 540 235 459 426 600 
426 6.934819 -1.986482 0.500000 427 425 
427 6.363396 -1.960441 0.500000 340 425 426 486 591 568 424 
446 10.650963 -2.762403 0.500000 458 703 817 859 1171 1146 448 
448 10.870108 -2.825306 0.500000 817 446 
449 11.760725 -1.989780 0.500000 948 450 
450 11.758966 -1.779590 0.500000 451 539 540 460 948 712 485 621 479 595 673 449 
451 10.945777 -1.741385 0.500000 450 458 459 540 539 486 1171 479 595 235 4578 
454 8.664277 -2.763108 0.500000 461 638 639 704 705 707 486 703 859 817 
458 10.039315 -2.053123 0.500000 446 451 459 480 859 1171 1146 863 817 
459 9.760817 -1.787981 0.500000 451 458 460 479 480 485 425 1171 486 
460 8.981921 -1.722996 0.500000 424 459 461 479 480 540 31 639 450 485 486 595 326 
461 8.689277 -1.996442 0.500000 424 454 460 638 639 479 486 707 705 
472 2.473804 -5.979663 0.500000 17 23 3701 3702 3723 3726 341 3867 3802 3849 3677 3958 
474 0.580386 -5.226995 0.500000 15 17 3867 3868 3909 3908 36 
479 8.942042 -0.442927 0.500000 459 460 480 486 580 461 540 451 638 639 450 24 
480 9.767193 -0.436277 0.500000 425 459 460 479 481 539 485 458 
481 9.800527 -0.106277 0.500000 480 613 
485 6.953315 -0.400365 0.500000 424 425 459 486 491 490 480 450 460 
486 7.773549 -0.439151 0.500000 341 424 425 427 479 485 487 326 639 454 461 451 460 459 47 
487 7.825064 -0.066423 0.500000 486 580 
490 6.953315 -0.092032 0.500000 485 492 
491 5.762277 -0.425070 0.500000 326 340 485 341 492 24 235 
492 5.815610 -0.095070 0.500000 491 490 
494 5.439190 0.309507 0.500000 3597 3401 4571 
539 10.896873 -0.408934 0.500000 450 480 540 613 760 451 948 600 1171 23 
540 11.735017 -0.449989 0.500000 425 450 451 460 539 541 595 479 948 341 
541 11.785018 -0.083322 0.500000 540 594 
556 -2.440994 0.217439 0.500000 193 4097 
568 6.335756 -4.560612 0.500000 427 3677 
580 8.933709 -0.109593 0.500000 479 487 
591 5.677741 -3.880738 0.500000 340 427 3672 3677 
594 13.476859 -0.212884 0.500000 595 541 
595 13.917797 -0.718947 0.500000 540 600 621 594 712 460 840 451 31 450 
600 14.329656 -0.741193 0.500000 595 621 673 712 539 1062 1139 2311 1643 2332 425 145 
613 10.892924 -0.114979 0.500000 539 481 
619 14.327333 -2.020540 0.500000 621 712 
621 14.436394 -1.510375 0.500000 595 600 619 642 712 948 450 1139 673 
637 7.825146 -2.795156 0.500000 795 638 
638 8.050147 -2.786823 0.500000 454 461 639 705 707 704 479 637 
639 8.039215 -2.019117 0.500000 424 454 460 461 486 638 705 479 
642 14.814033 -1.458991 0.500000 621 673 
668 10.036227 -3.869317 0.500000 703 1146 
670 8.510253 -4.090519 0.500000 705 706 
673 15.363069 -0.673977 0.500000 600 840 1049 1139 967 1118 1691 621 642 450 
703 9.738936 -3.484066 0.500000 446 668 704 817 859 454 1208 1146 1035 
704 9.045734 -3.391591 0.500000 454 703 859 705 707 638 838 817 
705 8.637218 -3.658148 0.500000 454 638 639 707 670 838 704 461 
706 8.196362 -4.046074 0.500000 670 707 
707 8.054877 -3.564716 0.500000 454 638 705 706 794 704 859 461 
712 13.709263 -2.015828 0.500000 760 595 600 619 621 914 948 1038 1062 1073 450 1139 
760 13.699818 -2.847702 0.500000 539 712 948 1035 1062 1033 1073 1208 1238 1113 
794 7.556218 -3.519489 0.500000 707 795 
795 7.608478 -3.325121 0.500000 637 794 
817 10.878330 -3.294666 0.500000 446 703 448 859 882 883 1208 871 1146 454 914 1171 1173 704 458 
825 7.548504 -6.380888 0.500000 3393 3387 988 3883 911 3701 3951 
828 8.183876 -5.997249 0.500000 3883 3951 
831 8.730581 -6.753911 0.500000 891 892 911 832 893 3387 3802 3883 
832 8.694401 -6.081754 0.500000 831 1249 
838 8.892236 -3.679181 0.500000 705 704 
840 15.821513 -0.660656 0.500000 673 1562 1691 1139 968 595 
859 10.039315 -2.805504 0.500000 446 458 703 704 817 454 1171 1146 707 4578 
863 11.947495 -5.775169 0.500000 865 871 882 883 864 914 948 458 1146 
864 12.363953 -5.876480 0.500000 863 865 
865 12.393918 -6.446447 0.500000 863 867 882 883 893 864 866 914 
866 12.855991 -6.463977 0.500000 865 867 
867 12.901166 -6.989040 0.500000 865 882 893 866 914 1137 1485 1569 
869 12.833002 -4.939151 0.500000 1038 1073 
870 12.347495 -5.233503 0.500000 871 1038 
871 11.961319 -5.268389 0.500000 863 883 870 914 1038 1062 1208 817 
880 11.268318 -8.046926 0.500000 1074 3386 
882 11.790567 -7.186110 0.500000 863 865 867 883 817 914 1075 1137 1146 1485 
883 10.921299 -7.175097 0.500000 863 865 871 882 893 911 914 884 817 1208 1146 892 3387 
884 10.839860 -7.716362 0.500000 883 910 
888 9.739055 -5.780886 0.500000 890 1249 
890 9.831834 -6.119789 0.500000 912 888 
891 8.916873 -6.464825 0.500000 831 892 913 1249 
892 8.909520 -6.849009 0.500000 831 891 911 893 3387 3883 3867 883 
893 9.695576 -6.890616 0.500000 865 867 883 894 914 831 892 911 3702 
894 9.776083 -6.546227 0.500000 893 914 
910 8.263719 -7.723268 0.500000 884 911 
911 8.204493 -7.537813 0.500000 831 883 892 3387 893 3883 3393 825 3867 910 
912 9.450345 -6.172571 0.500000 890 913 1249 
913 9.402893 -6.516775 0.500000 891 912 
914 10.414641 -6.431068 0.500000 883 712 863 871 865 867 882 894 1208 893 817 1146 1038 1171 
948 12.273701 -2.023645 0.500000 450 539 621 712 760 449 1062 863 540 
967 18.634346 0.664666 0.500000 968 1018 673 2332 1017 2358 2431 2286 2395 2422 
968 18.370173 0.350780 0.500000 967 970 1017 1018 1562 2358 840 
970 18.237816 -0.233382 0.500000 968 3383 
971 17.490021 -1.230010 0.500000 1186 1622 
987 6.557063 -5.882191 0.500000 988 3852 
988 6.556250 -6.168368 0.500000 987 3851 825 3387 3393 
997 19.070915 -0.087647 0.500000 2428 2373 
1017 18.435478 1.923847 0.500000 968 1018 1049 1117 1118 967 2311 1562 
1018 18.619207 1.509364 0.500000 967 968 1017 2286 2332 2431 2316 2422 
1033 15.554595 -3.683507 0.500000 1108 1113 760 1229 1238 1507 1062 1208 1548 1583 1035 1107 2184 
1035 13.703009 -3.816145 0.500000 760 1073 1208 1036 1062 703 1238 1033 
1036 13.541677 -4.502875 0.500000 1073 1035 
1038 12.410527 -4.949611 0.500000 712 871 1073 869 870 1146 914 
1049 18.517368 2.459692 0.500000 673 1017 1117 1118 1139 1643 2311 
1062 12.252158 -2.849608 0.500000 600 712 760 871 948 1208 1132 1035 1033 1112 
1073 12.930828 -4.566836 0.500000 712 1038 869 1035 1146 760 1036 
1074 11.391050 -8.616243 0.500000 880 2085 2129 3386 1135 
1075 11.816493 -7.745368 0.500000 882 1137 
1099 14.092258 -8.247300 0.500000 1137 1136 1485 1569 1590 1659 1560 1570 
1107 17.686842 -4.402069 0.500000 1108 1229 1518 1843 1589 1033 
1108 18.065678 -4.945039 0.500000 1033 1107 1516 1518 1110 
1110 18.733049 -5.090381 0.500000 1108 1603 
1112 18.540087 -3.553152 0.500000 1113 1173 1229 2274 1062 1337 
1113 18.062822 -3.552014 0.500000 1033 1112 1229 1238 760 1843 1173 
1115 15.864364 3.405747 0.500000 1119 2306 
1116 17.084990 3.168911 0.500000 2305 2316 
1117 17.556564 2.805660 0.500000 1017 1049 1118 2287 2316 2286 
1118 17.965940 2.802244 0.500000 1017 1049 1117 1139 1643 2311 673 2316 
1119 15.953580 3.607813 0.500000 1115 2306 2315 2493 2845 
1132 11.807949 -2.843849 0.500000 1062 1208 
1135 13.698672 -8.660465 0.500000 2143 1074 
1136 13.619357 -8.189297 0.500000 1099 1137 
1137 13.629171 -7.838458 0.500000 867 882 1099 1075 1136 1485 1569 1590 
1139 14.786215 -0.291683 0.500000 673 1049 1118 600 621 840 2286 2300 712 2287 
1141 14.339314 0.269842 0.500000 1143 2325 
1143 14.308497 -0.054895 0.500000 1141 3401 
1146 10.468586 -3.982186 0.500000 1038 1073 446 458 703 817 859 668 1208 914 863 882 883 
1171 10.676438 -1.991458 0.500000 446 451 458 459 859 817 914 539 4578 
1173 19.246462 -3.332744 0.500000 1112 1229 1176 1414 1337 817 2274 2307 1113 4587 
1176 19.251522 -2.893621 0.500000 1173 1229 
1186 17.466715 -2.460476 0.500000 1416 971 
1208 11.782760 -3.344123 0.500000 703 760 817 871 883 1035 1062 914 1238 1132 1146 1033 
1212 21.135569 -3.543486 0.500000 1337 1253 2307 1703 4587 1809 
1229 17.076395 -2.868458 0.500000 1033 1107 1113 1173 1238 1176 1562 1518 1691 1590 1843 1112 1548 
1238 16.230701 -2.870509 0.500000 760 1033 1113 1208 1229 1548 1562 1691 1035 2184 
1249 9.238328 -6.139438 0.500000 891 912 832 888 
1252 21.491861 -2.898150 0.500000 1253 1345 
1253 21.459166 -3.461643 0.500000 1212 1252 
1337 20.881725 -3.367333 0.500000 1212 1345 1173 2319 2307 1112 4587 
1345 20.900194 -2.881484 0.500000 1337 1252 
1414 21.171345 -4.780616 0.500000 1173 1709 1999 2274 2307 4587 
1415 21.898596 -2.797553 0.500000 1416 1450 
1416 21.912491 -2.527748 0.500000 1450 1415 1186 2448 2433 2373 3130 3152 
1448 21.951614 -3.963663 0.500000 1449 1724 
1449 22.212725 -3.921996 0.500000 1450 1448 1723 3130 3152 
1450 22.234056 -2.892924 0.500000 1416 1449 1415 1723 3130 3152 
1485 14.149632 -7.031736 0.500000 1099 1137 1569 867 1578 882 
1507 17.454721 -6.661300 0.500000 1033 1518 1560 1509 1691 1589 1843 
1509 17.641579 -7.055964 0.500000 1507 1510 1560 1809 1570 1945 
1510 18.472471 -7.063474 0.500000 1560 1509 1589 1809 1945 1554 1635 1570 1703 
1516 18.209831 -5.670911 0.500000 1108 1518 1603 
1518 17.531336 -6.053101 0.500000 1107 1108 1507 1516 1229 1548 1570 4608 
1548 17.302483 -9.053660 0.500000 1560 1589 1590 1238 1666 1752 1518 1033 1665 2142 2184 2060 1229 
1550 19.602188 -8.639516 0.500000 1810 2076 
1553 21.261299 -8.192928 0.500000 1554 
1554 21.248158 -7.820267 0.500000 1553 1710 1809 1510 4587 
1559 19.153616 -8.663424 0.500000 1560 1635 
1560 17.380260 -8.609215 0.500000 1507 1510 1548 1570 1589 1590 1559 1509 1635 1099 1809 1709 1945 4608 
1562 17.107716 -0.846778 0.500000 840 968 1229 1238 1691 2311 1017 3383 1570 
1569 14.491978 -7.699404 0.500000 1099 1137 1485 867 1651 1570 1590 
1570 15.543794 -7.964673 0.500000 1560 1590 1809 1509 1518 1510 1843 2184 1569 1099 1562 
1578 14.308234 -6.681166 0.500000 1485 1651 
1583 15.385785 -5.678946 0.500000 1033 2184 
1589 15.919223 -9.067332 0.500000 1548 1560 1590 1510 1694 1507 1828 1107 1666 4603 4608 
1590 15.918311 -8.668925 0.500000 1548 1560 1570 1589 1099 1659 1752 1809 1229 1137 2184 1569 1691 
1603 18.635897 -5.664138 0.500000 1516 1110 
1622 17.816166 -1.270679 0.500000 971 2427 
1635 19.218794 -8.256338 0.500000 1560 1559 1684 1809 1945 1510 1703 2307 
1643 18.826836 2.763868 0.500000 1049 1118 2311 2468 600 2286 
1651 14.566299 -6.665070 0.500000 1569 1578 
1659 14.109842 -8.626688 0.500000 1099 1590 
1665 19.051615 -9.213663 0.500000 1548 1666 
1666 19.168411 -10.083113 0.500000 1548 1752 2072 2097 2142 2212 1589 1665 4608 
1684 19.476408 -8.228086 0.500000 1635 1809 
1691 16.240067 -0.858800 0.500000 840 1229 1238 1507 1562 673 1590 
1694 14.017724 -9.527164 0.500000 1589 1828 2003 2142 2079 2185 4603 4608 
1703 19.812473 -6.075101 0.500000 1709 2307 1212 4587 1710 4591 1635 1809 1510 
1708 21.748960 -6.148253 0.500000 1709 1999 
1709 21.259245 -6.283840 0.500000 1414 1703 1710 1708 1945 1560 1809 
1710 21.116377 -6.819862 0.500000 1554 1709 1711 2307 1703 1809 1945 4587 4591 
1711 21.514725 -6.936928 0.500000 1710 1714 
1714 21.463839 -8.277847 0.500000 1711 
1718 22.210947 -8.241355 0.500000 1719 1810 2219 4589 1722 2221 3110 
1719 22.213942 -7.317764 0.500000 1718 1720 1722 2218 
1720 21.913940 -7.284431 0.500000 1719 1721 
1721 21.945656 -6.561859 0.500000 1722 1720 
1722 22.471386 -6.471300 0.500000 1723 1721 3324 3110 1718 1719 
1723 22.527048 -4.763009 0.500000 1449 1450 1722 1724 3130 3152 2226 
1724 21.928360 -4.591304 0.500000 1448 1723 
1752 17.934237 -10.575437 0.500000 1548 1590 1666 2060 2182 2097 4608 2142 2072 
1809 19.568075 -7.828085 0.500000 1510 1560 1570 1590 1635 1509 1684 1554 1945 1709 1710 4591 1703 1212 
1810 21.911766 -8.663372 0.500000 1718 1550 2219 2221 4589 2218 
1828 14.067568 -9.199244 0.500000 1589 1694 
1843 17.801607 -3.882442 0.500000 1107 1113 1229 1570 1507 
1899 11.712245 -12.422646 0.500000 1925 2080 
1904 13.753349 -13.483056 0.500000 1905 1965 
1905 13.843833 -13.686444 0.500000 1964 1906 1904 2078 
1906 19.389126 -13.726542 0.500000 1909 1905 1907 2051 
1907 19.508173 -13.526542 0.500000 1906 1908 
1908 20.024902 -13.464500 0.500000 1907 1909 
1909 20.041569 -13.689500 0.500000 1906 2078 1908 
1910 21.263544 -13.053207 0.500000 1971 1972 
1911 20.290689 -13.292516 0.500000 1972 1912 
1912 20.290689 -13.055849 0.500000 1913 1971 2060 1911 2118 2119 2182 2226 
1913 19.233751 -13.046289 0.500000 1912 1971 2060 1914 2118 2182 2242 2119 1918 
1914 19.100418 -13.276288 0.500000 1913 1915 
1915 14.355654 -13.316882 0.500000 1914 1918 
1918 14.355654 -12.750216 0.500000 2003 2079 1973 1915 2242 4608 1913 2118 2182 
1925 11.717084 -12.007557 0.500000 1899 2081 4613 
1945 18.902199 -6.907478 0.500000 1510 1635 1709 1809 1710 4590 4591 1560 1509 
1964 13.084538 -13.697395 0.500000 1905 2051 1965 
1965 13.118617 -13.443181 0.500000 1904 1964 
1967 21.693966 -13.419460 0.500000 1969 1968 2078 
1968 21.718077 -12.994751 0.500000 1969 1967 
1969 21.984743 -12.978085 0.500000 1967 1970 1968 2227 
1970 22.041067 -12.451852 0.500000 1969 1971 2215 2226 2262 4623 2118 
1971 21.319880 -12.609637 0.500000 1912 1913 1970 1910 2119 2215 2226 2262 2118 2208 4623 
1972 21.091915 -13.324096 0.500000 1911 1910 
1973 13.802350 -12.718937 0.500000 1918 2079 
1999 21.980568 -5.021772 0.500000 1414 1708 
2003 13.522677 -11.089290 0.500000 1694 1918 2079 2082 2142 2242 2238 4603 4608 
2014 11.575908 -13.002229 0.500000 2048 2049 
2021 11.249409 -11.449520 0.500000 2048 2086 2247 
2048 11.234538 -12.939064 0.500000 2021 2014 2049 4601 2085 
2049 11.588893 -13.382533 0.500000 2014 2048 2051 4601 
2051 11.835346 -13.661984 0.500000 1964 2049 4601 1906 
2060 19.166298 -11.856736 0.500000 1752 1912 1913 2072 2118 2182 2064 1548 
2064 19.814970 -12.005025 0.500000 2060 2118 
2070 19.604441 -10.987018 0.500000 2072 2097 
2072 19.249710 -11.061528 0.500000 1666 2060 2097 2070 2182 1752 
2076 19.569712 -9.105551 0.500000 1550 2221 
2078 21.421371 -13.706283 0.500000 1909 1967 1905 
2079 13.808716 -12.067769 0.500000 1918 2003 1973 1694 2238 2242 
2080 11.631609 -11.802945 0.500000 2081 1899 
2081 11.952920 -11.809485 0.500000 1925 2082 2080 4603 
2082 11.945038 -10.794909 0.500000 2003 2081 2083 4603 
2083 11.626856 -10.752484 0.500000 2082 2126 
2084 11.529155 -9.614442 0.500000 2085 2129 
2085 11.257255 -9.614827 0.500000 1074 2086 2129 2084 2048 
2086 11.214736 -11.097939 0.500000 2021 2085 2087 
2087 11.564308 -11.213112 0.500000 2086 2247 
2096 20.764452 -10.401917 0.500000 2214 2097 2234 2208 
2097 19.977505 -10.252811 0.500000 2072 1666 1752 2096 2070 
2118 19.914968 -12.455025 0.500000 1912 1913 2060 2119 2182 2064 1971 1918 2242 1970 
2119 20.664625 -12.427688 0.500000 1912 1971 2118 2215 2206 2226 2262 1913 4623 2208 
2126 11.606113 -10.005030 0.500000 2083 2142 
2129 11.572098 -9.148409 0.500000 1074 2085 2084 2143 
2142 13.291377 -9.856387 0.500000 1548 1694 2185 2003 1666 2126 4603 4608 1752 
2143 13.641232 -9.148699 0.500000 1135 2129 
2182 17.897779 -12.017530 0.500000 1752 2060 2072 2118 1913 1912 2242 1918 
2184 15.663812 -6.781236 0.500000 1548 1570 1590 1033 1238 1583 
2185 13.443759 -9.627816 0.500000 1694 2142 
2206 20.720345 -11.986842 0.500000 2119 2262 
2208 21.151543 -11.338689 0.500000 2214 2215 2262 1971 2119 2096 2234 
2212 21.654081 -10.069822 0.500000 2213 1666 
2213 21.642748 -10.727248 0.500000 2212 2214 
2214 21.307772 -10.739413 0.500000 2096 2208 2215 2213 
2215 21.306107 -11.773712 0.500000 1970 1971 2208 2214 2226 2119 2262 4623 
2217 21.706888 -11.145368 0.500000 2218 2228 
2218 22.005432 -11.141652 0.500000 2219 2227 2217 2226 1719 1810 
2219 22.054502 -9.621338 0.500000 1718 1810 2218 2221 2220 2227 
2220 21.690224 -9.553701 0.500000 2219 2221 
2221 21.683235 -9.247832 0.500000 1810 2219 2220 2076 1718 
2226 22.037277 -11.886599 0.500000 1970 1971 2215 2227 1912 2119 2262 2218 4623 1723 
2227 22.048302 -11.430024 0.500000 2218 2226 2228 1969 2219 
2228 21.727613 -11.398243 0.500000 2217 2227 
2234 20.780653 -10.767937 0.500000 2096 2208 
2238 13.522225 -11.999125 0.500000 2003 2079 
2242 15.393542 -11.969000 0.500000 1918 2003 1913 2182 4608 2118 2079 
2247 11.530975 -11.438113 0.500000 2087 2021 
2262 20.955370 -11.994088 0.500000 2206 1970 1971 2119 2215 2226 2208 4623 
2270 18.977365 -4.789049 0.500000 4587 2319 
2274 19.239283 -4.049430 0.500000 1173 1414 1112 2319 4587 
2285 14.132526 1.850590 0.500000 2325 2289 
2286 15.315874 1.809364 0.500000 1018 1139 2300 967 1117 1643 2287 
2287 15.837977 2.377430 0.500000 1117 2316 2303 1139 2286 
2289 14.548446 2.705034 0.500000 2285 2306 2328 2487 
2292 17.825928 3.378314 0.500000 2314 2493 
2300 14.964176 1.810267 0.500000 1139 2286 
2303 15.992560 3.010257 0.500000 2287 2305 
2305 16.299437 3.232548 0.500000 1116 2303 
2306 15.162042 3.349343 0.500000 1119 1115 2289 2341 2844 2315 
2307 20.995150 -4.319680 0.500000 1212 1414 1703 1173 1337 1710 4587 1635 
2311 18.265942 3.102244 0.500000 1049 1118 1643 600 1017 1562 2329 
2314 17.460537 3.408241 0.500000 2292 2315 
2315 17.406626 3.576134 0.500000 1119 2314 2306 
2316 17.149277 3.008439 0.500000 1117 2287 1116 1018 1118 
2319 19.197165 -4.446874 0.500000 1337 2274 4587 2270 
2325 14.053064 0.388044 0.500000 2285 1141 
2328 14.291568 1.836745 0.500000 2289 
2329 18.440695 4.277245 0.500000 2311 2353 
2332 20.243284 1.471183 0.500000 967 1018 2384 2395 2422 2431 2473 600 
2341 18.212128 5.535362 0.500000 2493 2306 2690 2847 2856 2845 
2353 19.426521 5.286101 0.500000 2699 2329 
2358 18.587683 0.355423 0.500000 967 968 
2373 19.821003 -1.079229 0.500000 2433 1416 2448 997 2491 
2384 21.638437 2.203448 0.500000 2332 2394 2404 2473 2586 2422 
2394 22.111834 1.758379 0.500000 2384 2404 2423 2395 2422 
2395 22.381058 1.379965 0.500000 2332 2422 2394 967 2443 2530 2511 2975 
2396 23.758038 1.627369 0.500000 2397 2398 
2397 23.831371 1.847368 0.500000 2396 2976 3364 
2398 22.764450 1.704676 0.500000 2399 2396 
2399 22.619440 2.130596 0.500000 2398 2802 
2403 22.490294 2.840928 0.500000 2404 2796 2583 
2404 22.213047 2.425899 0.500000 2384 2394 2403 2586 
2417 21.906685 -0.458514 0.500000 2499 2500 3149 
2422 22.426497 0.827729 0.500000 2332 2395 2423 2434 2394 2443 967 1018 3334 2384 
2423 21.614717 0.147346 0.500000 2394 2422 2431 2434 2451 
2427 18.536621 -2.040914 0.500000 2448 1622 
2428 19.028788 0.257718 0.500000 997 2430 
2430 19.917736 0.223968 0.500000 2428 2491 
2431 20.300528 0.516698 0.500000 967 1018 2332 2423 2452 
2433 20.511189 -0.782521 0.500000 2373 1416 2491 2499 3130 
2434 22.235767 0.417248 0.500000 2422 2423 
2443 23.734823 0.681797 0.500000 2395 2532 2511 2530 2422 2508 
2448 19.585979 -2.286605 0.500000 1416 2373 2427 2499 
2451 21.502663 -0.040661 0.500000 2423 2492 
2452 20.535107 0.153713 0.500000 2431 2492 
2468 19.922361 2.808860 0.500000 1643 2919 
2471 21.096611 4.224475 0.500000 2699 2919 
2473 20.544659 1.910988 0.500000 2332 2384 
2487 11.453459 0.676507 0.500000 3401 3590 2289 
2491 19.971096 -0.510171 0.500000 2373 2433 2430 2499 
2492 21.126886 -0.096739 0.500000 2451 2452 
2493 17.995609 5.377746 0.500000 1119 2341 2292 2845 2847 
2499 21.173603 -0.850305 0.500000 2417 2433 2500 2448 3152 2491 
2500 21.276926 -0.536749 0.500000 2499 2417 
2505 27.057701 -0.376709 0.500000 2507 2511 2506 2530 3142 3122 
2506 27.505043 -0.421564 0.500000 2505 2507 
2507 27.525040 -0.712055 0.500000 2505 2516 2506 3142 3122 3259 
2508 27.545893 0.865514 0.500000 2511 2510 2530 3334 2928 2975 3376 2443 
2510 27.484093 0.474718 0.500000 2508 2511 
2511 27.070040 0.487438 0.500000 2505 2508 2510 2530 2443 3142 2395 3122 3334 
2516 28.199188 -0.756659 0.500000 2507 3115 3122 3236 3262 
2518 28.216888 1.569695 0.500000 2975 3174 
2530 25.657686 0.223545 0.500000 2511 2505 3142 2443 3143 2532 2395 2508 
2532 23.739845 0.311766 0.500000 2443 2530 
2583 22.392410 8.576330 0.500000 2598 2623 2638 2730 2722 2628 2403 
2586 22.089540 5.127984 0.500000 2628 2623 2384 2404 2587 
2587 21.885160 5.188950 0.500000 2628 2586 
2592 21.433516 6.844664 0.500000 2593 2628 2642 
2593 21.870193 6.845602 0.500000 2592 2628 2623 2598 2722 
2598 22.332212 9.291354 0.500000 2583 2637 2722 2730 2593 2728 2727 
2618 22.845057 11.887832 0.500000 2625 2802 2766 
2619 21.853125 11.465727 0.500000 2625 2839 
2623 22.354315 8.045392 0.500000 2583 2593 2722 2713 2796 2586 
2625 22.005127 11.913928 0.500000 2618 2619 2765 
2628 21.892239 6.530793 0.500000 2586 2592 2593 2583 2587 2682 2722 
2637 22.567062 9.105520 0.500000 2598 2638 
2638 22.568893 8.658477 0.500000 2583 2637 
2642 21.312363 7.041647 0.500000 2683 2592 
2665 22.196917 10.986416 0.500000 2727 2762 2728 
2666 18.924181 7.225364 0.500000 2674 2667 2848 2734 2812 
2667 19.231871 7.193297 0.500000 2666 2842 
2674 19.001667 8.021261 0.500000 2666 2734 2812 2759 
2682 20.236500 6.653471 0.500000 2683 2628 
2683 20.268095 7.029836 0.500000 2682 2642 
2684 19.056969 6.040850 0.500000 2848 2847 
2690 19.498377 6.027950 0.500000 2341 2842 
2699 19.925562 5.414770 0.500000 2353 2471 
2712 21.590269 8.654200 0.500000 2722 2730 
2713 21.572599 10.375220 0.500000 2730 2714 2739 2623 
2714 21.206240 10.673676 0.500000 2713 2739 2730 2808 
2722 22.033684 8.564738 0.500000 2598 2623 2583 2730 2593 2712 2628 
2727 22.526947 10.621587 0.500000 2665 2728 2598 
2728 22.483778 10.085618 0.500000 2598 2727 2665 
2730 21.662231 10.101075 0.500000 2583 2598 2713 2722 2712 2714 
2734 19.196217 8.540601 0.500000 2674 2745 2759 2773 2666 
2739 21.266329 10.435410 0.500000 2713 2714 
2745 19.512842 8.664005 0.500000 2734 2773 
2758 18.308683 9.723071 0.500000 2766 2823 
2759 18.929384 9.855399 0.500000 2734 2762 2773 2838 2674 
2762 19.315962 10.902951 0.500000 2759 2665 
2765 18.844189 11.807498 0.500000 2766 2625 
2766 18.475439 11.766381 0.500000 2758 2765 2821 2618 
2772 19.962135 10.458093 0.500000 2773 2808 
2773 19.674452 10.443900 0.500000 2772 2745 2808 2734 2759 
2796 22.549490 7.918664 0.500000 2623 2403 
2802 22.969330 11.498546 0.500000 2618 2399 
2808 20.044464 10.737476 0.500000 2714 2772 2773 
2809 17.769142 7.911417 0.500000 2821 2844 2836 2845 
2812 18.733442 6.783108 0.500000 2848 2674 2837 2838 2666 
2821 17.727766 9.934424 0.500000 2809 2824 2766 
2823 18.149454 9.738345 0.500000 2824 2758 
2824 18.121799 9.956878 0.500000 2821 2823 
2836 18.365761 7.849829 0.500000 2809 2843 
2837 18.432438 6.779234 0.500000 2812 2850 
2838 18.713348 9.712293 0.500000 2759 2812 
2839 18.851435 11.594438 0.500000 2619 
2842 19.237913 6.147789 0.500000 2667 2690 
2843 18.339577 6.918121 0.500000 2836 2844 
2844 18.020132 6.884788 0.500000 2809 2845 2843 2306 
2845 17.872908 6.476454 0.500000 2493 2847 2844 2809 2341 1119 
2847 18.088636 6.058663 0.500000 2341 2493 2845 2856 2684 
2848 19.057964 6.419553 0.500000 2666 2812 2684 2849 
2849 18.247919 6.488991 0.500000 2848 2850 
2850 18.414524 6.567700 0.500000 2837 2849 
2856 18.648647 5.988713 0.500000 2847 2341 
2919 21.053505 3.912480 0.500000 2468 2471 
2928 28.885902 1.031323 0.500000 2975 3101 3174 3175 3334 2508 3376 3173 
2975 28.136189 1.241051 0.500000 2928 3174 2518 2395 3334 3101 2508 3376 
2976 27.767847 1.647689 0.500000 2397 3364 
2995 29.460669 0.865686 0.500000 3173 3376 
2996 30.349628 0.492151 0.500000 2997 3196 
2997 30.356005 3.580019 0.500000 2996 3350 3314 3363 
2998 29.955038 1.690143 0.500000 2999 3101 3375 
2999 29.917570 1.137328 0.500000 2998 3376 
3101 29.504868 1.830911 0.500000 2928 3174 3175 2998 2975 3374 3376 
3108 26.551918 -1.548038 0.500000 3122 3132 
3110 27.278549 -2.567728 0.500000 3130 3295 1722 3308 1718 
3114 28.987902 -1.246648 0.500000 3115 3217 
3115 28.978334 -0.959305 0.500000 2516 3114 3236 3122 3310 3217 
3122 26.806421 -1.059508 0.500000 2505 3142 2507 2516 2511 3108 3115 3310 
3130 23.012318 -2.493304 0.500000 1416 1450 2433 3110 1723 1449 3152 
3132 26.036654 -1.534791 0.500000 3108 3142 
3142 26.064753 -0.167841 0.500000 2505 2507 2511 2530 3122 3143 3132 
3143 25.673721 -0.116579 0.500000 2530 3142 
3144 29.963371 2.723477 0.500000 3352 3356 
3149 22.674891 0.129606 0.500000 3152 2417 
3152 22.789400 -1.849342 0.500000 1450 1723 1416 1449 3130 2499 3149 
3173 28.882526 0.814974 0.500000 2995 2928 
3174 28.628754 1.572902 0.500000 2928 2975 3101 3175 2518 3376 3374 
3175 28.652969 2.226476 0.500000 2928 3101 3174 3176 3374 3376 
3176 28.161301 2.326476 0.500000 3175 3356 
3196 30.166372 0.386195 0.500000 3341 2996 
3217 30.550867 -1.177799 0.500000 3236 3259 3321 3114 3115 
3236 29.933855 -0.767841 0.500000 2516 3115 3217 3246 3259 3312 
3246 29.801268 -0.463075 0.500000 3236 3262 
3258 31.676752 -1.073945 0.500000 3259 3313 3324 
3259 31.168379 -1.081222 0.500000 3217 3258 3236 3325 2507 
3262 28.316294 -0.515346 0.500000 2516 3246 
3295 28.041265 -2.539500 0.500000 3110 3324 3348 
3308 27.311884 -2.351061 0.500000 3348 3110 
3310 27.489746 -1.178042 0.500000 3122 3115 
3312 32.217991 -0.810843 0.500000 3236 3313 
3313 32.252941 -1.640612 0.500000 3258 3324 3312 3314 
3314 32.633896 -0.416802 0.500000 3313 3341 2997 
3321 30.575872 -1.469466 0.500000 3217 3325 
3324 31.544022 -2.545065 0.500000 3258 3313 3295 1722 
3325 31.076063 -1.573229 0.500000 3259 3321 
3334 27.920946 1.018960 0.500000 2508 2928 2975 2511 2422 
3341 30.219200 -0.241708 0.500000 3314 3196 
3348 27.755808 -2.289801 0.500000 3295 3308 
3350 29.261698 3.656861 0.500000 2997 3363 3355 
3352 29.928301 2.477814 0.500000 3144 3374 
3355 29.291519 3.109031 0.500000 3350 3362 
3356 28.211535 2.866698 0.500000 3176 3144 
3362 28.862825 3.105759 0.500000 3355 3371 
3363 29.047651 3.645007 0.500000 3350 3364 3371 2997 
3364 27.815672 3.590383 0.500000 2397 2976 3363 
3371 29.007284 3.286682 0.500000 3363 3362 
3374 29.618759 2.414245 0.500000 3101 3175 3174 3352 
3375 29.934204 1.482349 0.500000 2998 3376 
3376 29.684555 1.504633 0.500000 2508 2928 2975 3101 3174 3175 2995 2999 3375 
3383 17.430159 -0.830933 0.500000 1562 970 
3386 7.521118 -8.086325 0.500000 3860 3953 880 1074 
3387 7.085216 -7.365264 0.500000 831 911 825 3849 3861 3883 988 3393 3802 17 892 883 
3393 7.002083 -6.364405 0.500000 825 911 3883 988 3387 3849 3802 3702 
3401 11.265581 0.387337 0.500000 2487 494 1143 
3421 4.180136 3.055304 0.500000 389 3430 3480 404 377 4570 4576 
3423 3.713800 7.372281 0.500000 404 3510 3609 
3424 4.355392 8.687376 0.500000 377 3586 404 3609 4571 
3430 3.679994 3.110563 0.500000 389 3421 3480 4568 4570 
3466 2.463596 2.694040 0.500000 3468 3488 
3467 1.928071 2.412097 0.500000 3494 311 
3468 2.419037 3.557138 0.500000 3466 3624 
3474 3.782665 4.843479 0.500000 3582 
3477 2.544814 4.638220 0.500000 3479 3478 3593 3582 4156 3608 4577 
3478 2.500031 4.022388 0.500000 3477 3479 
3479 1.586217 3.852098 0.500000 70 71 3477 3494 3608 3593 4239 73 3478 
3480 2.977877 2.890799 0.500000 389 3421 3430 3488 
3485 6.290768 10.615626 0.500000 3500 3590 3602 
3486 3.796688 10.183578 0.500000 3491 3552 3556 3575 
3488 2.944544 2.640799 0.500000 3466 3480 
3489 4.586720 10.249236 0.500000 3524 3543 
3491 4.322020 10.763802 0.500000 3486 3500 3556 
3494 1.517490 2.552257 0.500000 70 3479 3467 71 3563 
3500 4.770519 10.851639 0.500000 3491 3485 
3510 3.519128 7.721704 0.500000 3423 3615 
3524 4.164692 9.798163 0.500000 3489 3594 
3543 5.531588 10.399414 0.500000 3489 3587 
3545 2.776386 8.143095 0.500000 3569 3615 
3552 3.342309 9.486748 0.500000 3486 3556 3591 
3556 2.412183 9.502863 0.500000 3486 3491 3563 3562 3552 
3559 2.600041 6.399872 0.500000 3593 3565 
3562 2.355068 9.158377 0.500000 3556 3563 
3563 1.590844 9.038164 0.500000 3556 3562 71 3608 73 4239 3494 
3565 3.857139 6.533780 0.500000 3559 3582 
3569 2.848172 6.953118 0.500000 3545 404 
3575 3.662509 8.902476 0.500000 3486 3591 
3582 3.712252 5.896788 0.500000 3477 3593 3474 3565 
3586 4.160531 8.831481 0.500000 3424 3594 
3587 6.144088 9.986913 0.500000 3543 3589 
3589 6.336379 9.063222 0.500000 3587 3596 
3590 6.745385 9.855487 0.500000 3485 3599 3602 2487 
3591 3.364882 9.155320 0.500000 3552 3575 
3593 2.564692 6.148163 0.500000 3559 3608 71 3477 3479 3582 73 4239 
3594 4.090144 9.441730 0.500000 3524 3586 
3596 5.918796 8.387456 0.500000 377 3589 
3597 5.425669 7.720724 0.500000 3598 494 
3598 6.157293 7.905891 0.500000 3599 3597 
3599 6.540483 8.335540 0.500000 3590 3598 
3602 6.642488 10.219188 0.500000 3485 3590 
3608 1.510626 6.135892 0.500000 3479 3593 70 3563 3477 
3609 4.206510 7.354753 0.500000 404 3423 377 3424 
3615 3.486613 8.215368 0.500000 3510 3545 
3624 2.938085 3.647614 0.500000 3468 4568 
3669 -2.931793 -2.040583 0.500000 3975 4084 
3672 3.624012 -3.836190 0.500000 23 341 3677 591 
3677 3.221593 -4.526140 0.500000 23 341 3672 3726 568 591 3737 3723 472 
3682 -2.695165 -0.855876 0.500000 77 3691 196 194 145 47 46 23 4540 4038 
3691 -3.758518 -1.240123 0.500000 194 3682 4004 4038 4088 4200 145 4041 4540 47 77 
3700 2.718976 -7.897426 0.500000 3701 
3701 2.546230 -7.301313 0.500000 17 472 3702 3723 3802 3700 3849 3867 825 3956 3958 
3702 1.707550 -7.247358 0.500000 472 17 3701 3703 3867 3393 3849 3704 893 
3703 1.622417 -7.680926 0.500000 3702 3704 
3704 1.055371 -7.919926 0.500000 3821 3791 3703 17 3702 3867 
3723 2.949667 -5.982297 0.500000 472 3701 3726 3802 3849 3677 3958 
3726 2.982242 -5.244564 0.500000 472 3677 3723 23 3737 
3737 3.152919 -5.173823 0.500000 3677 3726 
3760 2.675311 -8.818996 0.500000 3776 3931 
3770 3.610256 -10.092143 0.500000 3831 3858 
3773 3.060203 -9.767809 0.500000 3790 3907 
3775 1.627449 -9.510016 0.500000 3931 3791 3930 
3776 3.062655 -8.783957 0.500000 3931 3760 3956 
3778 1.064514 -1.965956 0.500000 24 25 
3790 3.614665 -9.239515 0.500000 3796 3773 
3791 1.029463 -8.749089 0.500000 3704 3775 3821 3948 
3796 3.645084 -8.401175 0.500000 3790 3950 
3799 4.580094 -7.600951 0.500000 3861 3802 
3800 4.079554 -7.918952 0.500000 3831 3953 
3802 3.598099 -7.347375 0.500000 831 3701 3849 3851 3723 17 472 3799 3387 3393 3958 3956 
3821 0.828921 -8.065832 0.500000 3704 3867 3866 3791 17 
3831 3.901013 -9.809253 0.500000 3770 3800 3858 3953 
3849 4.144855 -6.368254 0.500000 3387 3701 3802 3851 3393 3702 3723 472 3867 
3851 4.588270 -6.174177 0.500000 3802 988 3849 3852 
3852 4.674184 -5.563529 0.500000 3851 987 
3858 3.144338 -10.264349 0.500000 3770 3940 3831 
3860 7.422833 -7.919631 0.500000 3386 3953 
3861 6.604655 -7.550221 0.500000 3387 3799 
3863 0.044124 -9.499897 0.500000 3940 3869 3991 
3866 0.462255 -8.078332 0.500000 3821 3945 
3867 0.835437 -6.127652 0.500000 17 474 3701 3702 3821 3868 472 3849 15 3704 911 892 
3868 0.462221 -6.084140 0.500000 474 3867 
3869 0.040696 -5.612962 0.500000 3863 3991 
3883 8.152215 -6.559573 0.500000 825 911 3387 828 831 3393 892 
3902 -3.456359 -2.333956 0.500000 86 3975 4375 
3907 1.040914 -9.781638 0.500000 3773 3945 
3908 -0.242365 -5.005239 0.500000 3911 474 
3909 0.405006 -4.246374 0.500000 10 14 15 474 46 3911 
3911 -0.223385 -4.290256 0.500000 3908 3909 
3927 -0.823774 -4.145232 0.500000 47 55 
3930 1.612004 -9.161369 0.500000 3775 3948 
3931 2.423188 -9.548364 0.500000 3775 3776 3760 
3940 0.922942 -10.216761 0.500000 3858 3863 
3945 0.459764 -9.166136 0.500000 3866 3907 
3948 1.328279 -8.815117 0.500000 3791 3930 
3950 3.254579 -8.344490 0.500000 3796 3958 
3951 7.610280 -6.161570 0.500000 825 828 
3953 6.799325 -8.061731 0.500000 3386 3831 3860 3800 
3956 3.120107 -7.947371 0.500000 3776 3701 3802 
3958 3.264040 -7.865514 0.500000 3802 3950 472 3701 3723 
3975 -2.892934 -2.430262 0.500000 3902 3669 
3976 -2.948549 -3.499458 0.500000 86 3990 
3990 -3.065672 -5.255838 0.500000 86 3991 3976 4374 4462 4375 
3991 -2.927686 -5.556046 0.500000 3863 3990 3869 4370 4374 4545 
3993 -2.534630 -5.035746 0.500000 79 4114 
3999 -0.691945 1.924892 0.500000 71 73 
4004 -4.436616 -0.305874 0.500000 194 3691 4032 4200 4038 4397 4041 4237 4540 
4032 -3.826239 -0.400858 0.500000 4004 
4038 -5.581605 -1.368684 0.500000 194 3691 4041 4200 4397 4148 4401 4004 3682 
4041 -5.442673 0.366335 0.500000 4038 4042 4200 4237 4397 3691 4004 4238 199 4401 
4042 -5.822508 0.429355 0.500000 4041 4303 
4082 -4.163932 -1.837807 0.500000 4200 4088 
4084 -3.695576 -1.998021 0.500000 3669 
4088 -3.807219 -1.623463 0.500000 3691 4082 
4097 -1.460557 0.198339 0.500000 556 41 
4114 -2.188708 -4.881207 0.500000 55 3993 
4118 -6.292511 0.340172 0.500000 4156 4503 
4148 -5.878808 -1.527832 0.500000 4038 4401 
4154 -5.790672 1.385828 0.500000 4303 4236 
4155 -4.987607 2.327005 0.500000 4156 4239 4240 4552 
4156 -6.076438 2.375042 0.500000 4155 4118 4488 3477 259 
4158 -8.965081 -3.283055 0.500000 4162 4532 
4161 -8.448696 -4.149183 0.500000 4216 4164 
4162 -8.974380 -3.538089 0.500000 4158 
4164 -7.987936 -3.771114 0.500000 4216 4253 4349 4204 4161 4524 
4166 -8.128830 -2.121251 0.500000 4167 4524 
4167 -8.198619 -1.788942 0.500000 4169 4399 4168 4166 
4168 -8.366046 -1.715867 0.500000 4169 4167 
4169 -8.456851 -1.263973 0.500000 4168 4254 4167 4399 4483 
4171 -9.262475 -1.673743 0.500000 4173 4178 4254 4172 4497 4527 4483 4532 
4172 -8.987154 -1.791246 0.500000 4173 4171 
4173 -8.965684 -2.259334 0.500000 4171 4178 4172 4174 4497 
4174 -8.495856 -2.506117 0.500000 4173 4178 
4178 -9.131748 -2.583055 0.500000 4171 4173 4497 4527 4174 4532 
4200 -4.733016 -1.846399 0.500000 4004 4038 4041 3691 4082 4401 4387 
4204 -7.811121 -2.566944 0.500000 4253 4164 4401 4349 
4215 -9.277977 -4.484778 0.500000 4216 4531 4502 
4216 -8.515109 -4.572269 0.500000 4164 4215 4161 4349 4515 4536 
4236 -5.472937 1.366666 0.500000 4154 4237 
4237 -5.359383 1.193716 0.500000 199 4041 4238 4397 4236 4004 156 
4238 -4.231466 1.127453 0.500000 155 199 193 4397 4237 4446 4041 
4239 -4.445872 2.367314 0.500000 4155 259 3479 3593 4552 73 3563 
4240 -4.937941 1.889601 0.500000 4155 
4252 -6.405338 -3.243606 0.500000 4253 4401 4383 4387 4536 
4253 -7.429045 -3.066567 0.500000 4164 4204 4252 4401 4349 
4254 -9.198752 -1.296197 0.500000 4169 4171 4497 4483 
4303 -5.893672 1.073097 0.500000 4042 4154 
4349 -7.456359 -4.143479 0.500000 4164 4216 4253 4512 4204 4515 4536 
4353 -3.684937 1.373000 0.500000 155 4446 
4365 -10.182621 -4.713495 0.500000 4513 4367 
4367 -9.946214 -5.355958 0.500000 4369 4368 4513 4365 
4368 -9.456400 -5.375230 0.500000 4367 4369 
4369 -9.384972 -5.541896 0.500000 4367 4417 4368 
4370 -5.649351 -5.390749 0.500000 3991 4374 4417 4371 4545 
4371 -5.098693 -4.647144 0.500000 4370 4545 4550 4374 
4374 -4.271199 -4.863300 0.500000 3990 3991 4370 4462 4545 4371 
4375 -3.739310 -3.928153 0.500000 4462 4492 86 3990 3902 
4383 -5.598887 -4.041360 0.500000 4387 4252 4420 
4385 -5.633655 -4.374702 0.500000 4387 
4387 -6.422287 -4.220088 0.500000 4383 4385 4200 4401 4512 4515 4252 4536 
4391 -9.353778 -4.946770 0.500000 4517 4502 
4397 -4.400787 0.380670 0.500000 155 199 4038 4041 4238 4237 4004 156 192 4401 
4399 -8.127134 -1.256136 0.500000 4167 4169 4423 4426 4483 
4401 -6.000832 -2.753508 0.500000 4252 4253 4204 4200 4038 4148 4387 4536 4041 4397 
4404 -8.410159 -0.182225 0.500000 4485 4426 
4417 -6.164906 -5.550776 0.500000 4369 4370 
4420 -5.195154 -4.007882 0.500000 4383 
4423 -7.815475 -1.369623 0.500000 4399 
4426 -7.987584 -0.295657 0.500000 4399 4404 
4443 -9.726663 -3.965130 0.500000 4502 4526 
4446 -4.040185 1.383731 0.500000 4238 4353 
4462 -3.907552 -4.399524 0.500000 3990 4374 4375 
4483 -9.459771 -0.646734 0.500000 4497 4484 4169 4171 4254 4399 
4484 -9.691296 -0.574629 0.500000 4483 4485 
4485 -9.662584 -0.337324 0.500000 4484 4404 
4488 -9.420430 0.244917 0.500000 4156 4489 4503 
4489 -10.056358 0.023187 0.500000 4488 4491 4490 
4490 -10.151021 -0.559664 0.500000 4489 4491 
4491 -10.391780 -0.621933 0.500000 4489 4513 4490 
4492 -3.997544 -3.591369 0.500000 4375 
4493 -3.077168 1.958194 0.500000 258 161 
4496 -9.960695 -1.670162 0.500000 4497 4528 
4497 -9.494029 -1.670162 0.500000 4171 4173 4178 4254 4483 4496 4527 4532 
4502 -9.490223 -4.110807 0.500000 4443 4391 4215 
4503 -6.232454 0.042298 0.500000 4488 4118 
4512 -6.687866 -4.246634 0.500000 4349 4387 4515 4536 
4513 -10.507284 -4.585872 0.500000 4491 4367 4365 
4515 -6.677611 -4.441463 0.500000 4349 4387 4512 4516 4536 4216 
4516 -6.680621 -4.928421 0.500000 4517 4515 
4517 -8.961079 -5.105189 0.500000 4516 4391 
4524 -7.955347 -2.205977 0.500000 4164 4166 
4526 -9.673444 -3.413936 0.500000 4443 4531 
4527 -9.472076 -2.912437 0.500000 4171 4178 4497 4528 4532 
4528 -9.992675 -2.835956 0.500000 4496 4527 
4531 -9.414083 -3.437075 0.500000 4215 4526 
4532 -9.212664 -3.158962 0.500000 4178 4497 4158 4527 4171 
4536 -6.527168 -4.156980 0.500000 4252 4387 4401 4512 4515 4349 4216 
4540 -3.330287 -1.262657 0.500000 145 194 3682 3691 4004 77 47 
4545 -4.761987 -4.876752 0.500000 4370 4371 4374 3991 4550 
4550 -4.899358 -4.706715 0.500000 4371 4545 
4552 -4.453338 2.016933 0.500000 4239 4155 
4564 3.996808 1.172805 0.500000 63 201 202 241 344 
4568 3.527355 3.552195 0.500000 3430 3624 
4569 5.005839 2.635216 0.500000 377 4570 
4570 4.839172 2.578074 0.500000 202 344 377 389 3421 3430 4569 4576 4571 404 
4571 4.830657 1.704164 0.500000 241 343 344 389 3424 4570 202 326 494 
4576 4.304836 5.128392 0.500000 377 404 3421 4570 389 
4577 3.832395 4.623105 0.500000 3477 
4578 10.868130 -2.058683 0.500000 451 1171 859 
4587 20.052200 -5.107478 0.500000 1414 2307 1703 2274 1173 1212 1337 2319 1554 1710 2270 
4589 21.965223 -8.295369 0.500000 1718 1810 
4590 18.937447 -6.239812 0.500000 1945 4591 4625 
4591 19.620363 -6.213617 0.500000 1703 1809 1945 4590 1710 
4601 11.822066 -13.475010 0.500000 2049 2051 2048 
4603 12.318710 -11.020695 0.500000 1694 2003 2082 2142 4608 1589 2081 
4608 15.492435 -10.484381 0.500000 1918 2003 2242 4603 1752 1518 1560 1589 1666 2142 1694 
4613 12.434055 -11.941403 0.500000 1925 
4623 21.669588 -12.433214 0.500000 1970 1971 2119 2215 2226 2262 
4625 18.886629 -6.069323 0.500000 4590 
