0 0.508241 -0.083466 0.783372 1 
1 2.197253 0.232721 0.862916 0 2 3 48 
2 4.020281 0.405978 1.324006 1 3 4 48 49 
3 5.630323 0.054151 1.454849 2 4 1 6 
4 7.006457 0.039190 1.464323 2 3 6 84 
6 8.588571 -0.023352 1.377623 4 7 84 3 
7 9.999825 -2.144549 0.912590 6 8 84 
8 9.845852 -3.683418 1.385777 7 10 12 
10 10.039877 -5.325188 1.417716 8 12 13 
12 10.028469 -7.236920 1.405431 10 13 8 
13 10.096299 -9.382107 1.521814 10 12 15 17 
15 10.086397 -11.081380 1.464075 13 17 18 
17 10.167042 -12.430082 1.131896 13 15 18 19 
18 9.626019 -13.432944 1.215854 15 17 19 30 
19 8.953766 -14.218094 1.199278 17 18 21 30 
21 8.097517 -16.129782 0.722713 19 22 30 
22 6.475154 -17.750946 1.447924 21 
30 8.029312 -14.750532 0.977740 18 19 21 
48 3.170565 1.515918 1.183932 1 2 49 74 
49 3.022907 3.059072 1.335562 48 50 74 2 
50 3.054276 6.027426 1.500069 49 53 74 
53 3.050449 8.718966 1.511641 50 56 57 
56 3.041070 10.427153 1.535802 53 57 
57 3.246481 12.284250 1.349211 53 56 59 
59 3.559880 13.814998 1.331397 57 
74 3.066290 4.118477 1.493853 48 49 50 
84 10.351939 -0.191642 1.414375 4 6 7 85 86 
85 11.487771 0.094577 1.270890 84 86 
86 13.182116 0.707146 1.529030 84 85 89 96 
89 14.945087 0.058704 1.449974 86 1321 
96 13.103908 2.402618 1.270242 86 97 
97 13.115211 4.396852 1.556917 96 99 101 
99 13.085031 5.816706 1.469977 97 101 
101 13.183402 7.687804 1.399617 97 99 103 
103 13.813101 9.569496 1.201008 101 104 
104 15.328283 10.388953 1.162365 103 106 
106 16.594837 11.266804 1.134960 104 107 108 
107 16.493275 12.538896 1.267513 106 108 110 
108 16.641146 14.061930 1.567294 106 107 110 
110 16.620153 16.371794 1.271065 107 108 113 
113 16.619944 18.890224 1.432227 110 115 117 
115 16.541950 20.856031 1.468873 113 117 119 
117 16.567335 22.891695 1.473044 113 115 119 121 
119 16.559919 24.785654 1.498578 115 117 121 
121 16.608778 26.871471 1.518939 117 119 123 
123 16.644932 29.323977 1.505079 121 146 
146 16.672649 31.839674 1.516332 123 148 150 
148 16.592461 33.768597 1.468964 146 150 152 
150 16.652882 35.389099 1.492066 146 148 152 
152 16.551554 36.986206 1.510206 148 150 154 
154 15.834599 39.344955 1.193573 152 155 231 232 
155 13.970394 40.262905 1.066350 154 157 230 231 
157 12.438655 40.234325 1.031205 155 158 230 
158 10.793384 40.441261 0.907320 157 159 
159 9.222971 40.466549 0.992780 158 160 
160 7.545798 40.800751 1.088420 159 162 
162 6.017291 42.900257 1.009224 160 164 170 
164 4.950414 43.641891 1.030842 162 165 168 169 170 
165 2.574078 43.303719 0.964039 164 166 168 
166 1.340264 42.655102 1.067411 165 
168 3.585569 44.010185 1.013173 164 165 169 
169 4.726660 45.185146 0.999627 164 168 170 
170 5.902318 45.000221 1.237915 162 164 169 171 
171 7.919457 44.724926 1.213290 170 172 
172 9.619815 44.776688 1.129858 171 173 
173 11.094103 44.841015 0.975259 172 174 
174 13.074486 44.915680 1.086078 173 175 226 229 
175 14.579908 45.432472 1.207050 174 176 226 
176 16.916761 45.566547 1.163934 175 177 
177 18.963366 45.545101 1.321669 176 179 
179 21.518970 45.751205 1.435026 177 182 184 
182 23.813711 45.655605 1.311413 179 184 186 
184 25.448965 45.550552 1.332020 179 182 186 188 
186 27.212187 45.514427 1.332651 182 184 188 189 
188 28.394445 45.561581 1.213960 184 186 189 
189 30.114008 45.609032 1.341615 186 188 191 248 
191 31.282625 47.043774 1.296834 189 193 248 
193 30.851793 49.288532 1.381112 191 195 
195 29.187033 50.047752 1.302518 193 196 198 
196 27.514462 50.227280 1.460020 195 198 
198 25.616949 50.313908 1.481393 195 196 200 
200 23.609392 50.310764 1.415779 198 202 
202 21.742144 50.402729 1.413767 200 204 205 
204 20.136095 50.190948 1.398896 202 205 
205 18.170443 50.325340 1.545029 202 204 208 209 
208 16.625532 50.467945 1.457121 205 209 
209 15.127542 49.871578 1.480413 205 208 224 
224 13.885649 49.291439 1.291351 209 225 226 
225 13.586076 48.158798 1.276395 224 226 
226 13.846683 46.891029 1.243735 175 224 225 174 
229 13.515635 43.793633 0.798035 174 230 
230 13.988668 41.692577 0.624983 155 157 229 231 
231 15.883693 40.805241 1.163809 154 155 230 232 
232 17.430069 40.525520 1.353843 154 231 233 234 
233 18.751667 40.436554 1.296256 232 234 
234 20.534029 40.450275 1.367786 232 233 236 
236 22.679407 40.004246 1.310115 234 238 268 269 
238 24.107872 39.990036 1.138796 236 239 268 
239 26.543880 40.325226 1.493022 238 242 244 262 
242 28.240416 40.252106 1.420967 239 244 262 
244 29.970654 40.809273 1.556742 239 242 246 262 
246 31.311497 41.842842 1.286188 244 247 248 
247 31.464201 43.094540 1.243618 246 248 
248 31.209642 44.409660 1.273524 189 191 246 247 
262 29.168900 40.433178 1.130536 239 242 244 
268 23.298939 38.788406 1.025276 236 238 269 
269 22.801828 37.401745 1.122614 236 268 270 
270 22.954967 35.289062 1.538508 269 272 
272 22.940771 33.421890 1.498003 270 274 276 
274 22.932636 31.371193 1.497295 272 276 278 
276 22.878452 29.631727 1.476236 272 274 278 280 
278 22.906664 27.938847 1.454090 274 276 280 
280 23.535067 26.301777 1.366894 278 281 332 276 
281 24.583950 25.782423 1.081665 280 282 285 332 
282 27.066334 24.754488 1.467562 281 285 
285 25.804304 24.547155 1.469084 281 282 287 332 
287 23.644091 22.777981 1.457480 285 289 290 332 
289 22.950615 21.426123 1.420425 287 290 332 
290 22.928850 19.494116 1.628435 287 289 293 295 
293 22.945814 17.324156 1.566918 290 295 297 
295 22.980223 15.406918 1.511470 290 293 297 299 
297 22.936913 13.415667 1.543927 293 295 299 301 
299 23.001953 11.386536 1.532803 295 297 301 303 
301 22.943533 9.351045 1.544430 297 299 303 305 
303 22.977762 7.430751 1.563819 301 305 299 308 
305 22.939167 5.344164 1.567267 301 303 308 309 
308 22.920023 4.043080 1.514378 305 309 310 303 
309 23.052217 2.654613 1.397339 305 308 310 364 411 
310 23.196785 0.874407 1.377313 308 309 364 411 410 1317 
332 23.577723 24.348263 1.511136 280 281 287 289 285 
364 24.786781 0.320266 1.203284 309 310 365 367 411 
365 26.311504 -0.003001 1.541235 364 367 
367 27.898575 -0.114931 1.555159 364 365 370 
370 30.367981 -0.365926 1.221672 367 371 
371 31.444756 -1.335914 1.200991 370 373 
373 31.563339 -3.366542 1.439840 371 375 
375 31.523573 -4.506071 1.001802 373 376 383 
376 32.069920 -6.590943 1.414940 375 377 383 
377 33.522228 -6.816574 1.499965 376 378 383 1300 
378 35.891827 -6.909888 1.480078 377 433 1300 
383 30.661043 -6.548207 1.498679 375 376 377 385 
385 27.928297 -6.787957 1.619735 383 388 
388 25.850225 -6.740003 1.512422 385 390 391 
390 24.095211 -6.570314 1.516431 388 391 393 418 
391 22.533600 -6.251878 1.541505 388 390 393 408 418 
393 21.033213 -6.638880 1.334031 390 391 394 418 
394 18.801384 -6.470433 1.721408 393 
408 23.010765 -3.446571 1.461797 391 410 411 418 
410 22.903444 -2.195632 1.465848 408 411 310 1317 
411 23.136276 -0.394584 1.442241 309 310 364 408 410 1317 
418 22.897615 -5.056859 0.975024 391 393 408 390 
433 38.555229 -7.025156 1.547855 378 436 437 1300 
436 40.358040 -6.854051 1.508162 433 437 473 
437 42.127296 -7.158950 1.391315 433 436 438 473 
438 43.040653 -9.159096 1.221514 437 439 473 
439 42.956184 -10.625708 1.468239 438 440 
440 43.038647 -12.353853 1.494849 439 441 
441 43.037346 -14.633487 1.528734 440 444 446 
444 43.043980 -16.507326 1.543527 441 446 
446 42.969532 -18.686796 1.398603 441 444 448 
448 43.005966 -20.733282 1.386318 446 450 451 
450 43.243095 -22.158846 1.193906 448 451 
451 42.863075 -23.981932 1.173106 448 450 452 
452 42.348942 -25.505520 1.355337 451 
473 43.661240 -7.200269 1.440604 437 438 474 475 436 
474 45.572979 -6.906112 1.423009 473 475 721 
475 47.300209 -6.465313 1.361229 473 474 476 721 722 
476 47.842373 -4.386438 1.345522 475 477 721 
477 47.820053 -2.516723 1.490765 476 479 481 
479 47.891117 -0.731354 1.525734 477 481 483 
481 47.848541 1.354800 1.538346 477 479 483 
483 47.803455 3.440963 1.475082 479 481 485 
485 47.801025 5.346680 1.511892 483 487 
487 47.734001 7.325266 1.582915 485 489 
489 47.786839 9.347990 1.586716 487 491 493 
491 47.742184 11.292204 1.573079 489 493 495 
493 47.768204 13.233099 1.584466 489 491 495 497 
495 47.747215 15.219121 1.593716 491 493 497 
497 47.776630 17.176338 1.623255 493 495 499 
499 47.784760 19.247509 1.677799 497 501 
501 47.769302 21.372759 1.613556 499 503 
503 47.792786 23.131376 1.651696 501 505 
505 47.746967 25.241821 1.647223 503 507 509 
507 47.741119 27.147442 1.616995 505 509 511 
509 47.720924 29.229000 1.473700 505 507 511 
511 47.729298 31.284805 1.632001 507 509 513 516 
513 47.751579 33.638283 1.609247 511 516 518 
516 47.723034 35.207794 1.491879 513 518 519 678 511 
518 47.579639 36.812340 1.174409 513 516 519 520 678 
519 47.692566 38.171326 1.305554 516 518 520 521 678 
520 46.777134 38.841686 1.097454 518 519 521 522 678 
521 45.615948 39.208965 1.144375 519 520 522 
522 44.270626 39.407520 1.216189 520 521 524 
524 41.934921 39.725452 0.867504 522 525 
525 41.278324 41.391617 1.037086 524 526 527 
526 41.245453 43.020844 1.210559 525 527 528 
527 41.733528 43.975197 1.197482 525 526 528 529 643 
528 41.902607 45.108543 1.227525 527 529 530 526 
529 41.290283 46.227894 1.187652 528 530 531 527 
530 41.216267 47.197796 1.047186 528 529 531 
531 42.236069 48.701382 1.041895 529 530 532 627 
532 42.126400 49.902527 1.027135 531 533 627 
533 41.252560 52.019157 1.042409 532 534 
534 41.511051 52.915981 0.884986 533 535 
535 43.955704 54.111950 1.061234 534 536 
536 45.538181 54.756275 1.362738 535 538 540 
538 47.130150 55.012833 1.407863 536 540 
540 48.969280 55.053902 1.336681 536 538 542 543 
542 50.284843 55.023087 1.315677 540 543 
543 51.936745 54.918861 1.414998 540 542 546 
546 53.566788 55.076939 1.091526 543 547 
547 55.885925 56.697151 1.138327 546 548 549 567 
548 55.958302 58.318928 1.413383 547 549 552 
549 55.996197 59.486511 1.610772 548 552 553 547 
552 55.971844 61.345673 1.331293 549 553 554 548 
553 55.877281 62.477909 1.366765 552 554 549 
554 55.438702 64.217392 1.217938 552 553 555 556 
555 54.842049 65.722931 1.294976 554 556 557 
556 55.009216 66.865372 1.020334 554 555 557 
557 55.812954 67.754715 1.346660 555 556 
567 57.117050 54.511482 1.564325 547 569 
569 57.917645 53.142555 1.439010 567 571 
571 58.774906 50.969162 1.384720 569 573 613 615 616 
573 62.646252 50.529697 1.572793 571 577 579 613 
577 64.831573 50.509899 1.535162 573 579 581 
579 67.025459 50.486088 1.577003 573 577 581 583 
581 68.822769 50.488476 1.563036 577 579 583 585 
583 70.916420 50.489929 1.534005 579 581 585 587 
585 72.263626 50.484467 1.505970 583 587 588 581 
587 73.515793 50.530659 1.338041 583 585 588 
588 75.458427 50.677986 1.385031 585 587 589 590 
589 77.085403 51.273811 1.257914 588 590 591 
590 78.255051 51.533230 1.103271 589 591 588 
591 79.556015 51.597126 1.375166 589 590 
613 60.369205 50.493431 1.370556 571 573 615 
615 57.981056 49.975090 1.459022 571 613 616 617 
616 56.702972 49.787327 1.381107 571 615 617 
617 54.855335 49.560097 1.389803 615 616 619 
619 52.354931 49.573254 1.354440 617 621 
621 50.530323 49.558964 1.286578 619 623 
623 48.984829 49.398453 1.179547 621 624 
624 46.073505 49.533436 1.467239 623 627 
627 44.796402 49.286797 1.173095 532 624 531 
643 44.804695 44.307602 1.159249 527 644 
644 46.418446 44.501892 1.384453 643 646 647 
646 47.633003 44.512264 1.119364 644 647 
647 49.600784 44.621590 1.220093 644 646 649 650 
649 50.809734 44.515129 1.162414 647 650 
650 52.440533 44.341076 1.327035 647 649 652 
652 54.577713 44.374973 1.376044 650 655 
655 57.466812 44.144379 1.348565 652 657 667 
657 58.819962 43.456882 1.249349 655 658 667 
658 60.950199 42.800987 1.473808 657 660 661 667 
660 61.838306 42.932896 1.319612 658 661 667 
661 63.627037 43.237885 1.241820 658 660 
667 59.257977 41.688396 1.348175 655 657 658 660 668 669 
668 58.388783 40.693325 1.270214 667 669 670 
669 57.718910 40.473316 1.035866 667 668 670 
670 57.189930 39.754517 1.287256 668 669 671 
671 55.227131 39.394924 1.474349 670 673 
673 53.656952 39.097610 1.346108 671 675 
675 51.814644 38.974182 1.367034 673 677 
677 50.554993 38.876892 1.034247 675 678 
678 48.629906 38.305534 0.747048 518 519 520 677 516 
721 48.173050 -6.385132 1.406321 475 476 722 474 
722 49.648056 -6.867431 1.414663 721 723 475 
723 51.487164 -6.967549 1.464110 722 725 1283 1284 
725 53.345181 -8.878486 1.021710 723 726 757 1284 
726 53.381428 -10.523041 1.373289 725 727 751 
727 53.224804 -11.822721 1.649856 726 729 751 
729 53.297813 -14.791148 1.647939 727 732 751 
732 53.318153 -17.066864 1.562929 729 734 
734 53.399273 -19.160620 1.370065 732 736 
736 53.403198 -21.113647 1.357924 734 738 
738 53.384159 -23.303377 1.334495 736 
751 53.258823 -12.991715 1.638158 727 729 726 
757 54.822414 -7.077957 0.941488 725 758 1282 1283 1284 
758 56.829235 -6.940230 1.573033 757 759 761 1282 1283 
759 58.299973 -6.966010 1.498078 758 761 1282 
761 59.448879 -6.856775 1.305288 758 759 763 
763 61.954960 -6.328501 1.071335 761 764 901 1272 
764 63.061951 -6.217866 1.245432 763 765 900 901 902 1272 
765 65.250580 -6.774636 1.474935 764 768 900 
768 67.781822 -7.272098 1.442487 765 770 771 895 
770 69.170799 -6.955168 1.432354 768 771 
771 71.081909 -6.963770 1.554749 768 770 774 775 
774 73.041145 -6.701234 1.423848 771 775 
775 75.045021 -6.634079 1.435192 771 774 778 
778 77.230934 -6.351128 1.402141 775 780 
780 79.811501 -5.810621 1.271070 778 784 785 
784 81.449409 -5.744746 1.617228 780 785 
785 82.104279 -5.606725 1.228235 780 784 786 
786 84.287598 -4.930683 1.256117 785 787 788 812 
787 84.751434 -3.668012 1.399527 786 788 790 812 
788 84.676834 -2.019787 1.457562 787 790 792 786 
790 84.737549 -0.304204 1.402451 787 788 792 794 
792 84.872726 1.836185 1.441151 790 794 796 788 
794 84.885956 3.581764 1.412543 790 792 796 
796 84.888412 5.513453 1.400824 794 792 
812 84.737785 -6.156562 1.270467 786 787 813 
813 84.924408 -8.085529 1.004464 812 814 
814 86.060310 -8.754027 1.117643 813 815 
815 87.674873 -9.325486 1.440189 814 817 833 
817 90.619888 -8.366406 1.654851 815 819 821 
819 92.622681 -8.440272 1.613495 817 821 
821 94.462929 -8.446072 1.503672 817 819 
833 86.574905 -13.351294 1.448429 815 838 839 
838 86.567894 -15.527600 1.323241 833 839 
839 85.366409 -16.804768 1.420212 833 838 841 
841 82.615738 -17.294901 1.515868 839 844 846 
844 80.599075 -17.194727 1.504978 841 846 848 
846 78.730415 -17.286610 1.476053 841 844 848 
848 76.566147 -17.289412 1.552501 844 846 852 
852 74.227699 -17.263288 1.608829 848 858 
858 71.965759 -17.437500 1.343263 852 859 886 
859 70.969025 -18.457666 1.336736 858 861 862 886 887 
861 70.674133 -20.648010 1.331648 859 862 864 886 
862 70.685791 -21.915094 1.516824 861 864 865 859 
864 70.656097 -23.226097 1.291671 861 862 865 
865 70.693993 -24.494942 1.266363 862 864 866 
866 72.191177 -25.845249 1.437437 865 869 
869 73.697456 -26.648602 1.176223 866 870 874 
870 75.631927 -27.826221 0.834406 869 872 874 
872 75.839783 -27.619486 1.414434 870 874 
874 74.968155 -27.936686 1.135616 869 870 872 
886 69.985001 -17.987297 1.158948 858 859 861 887 888 
887 68.943367 -16.789007 1.423947 859 886 888 
888 68.033661 -16.293589 1.193944 886 887 889 
889 67.968712 -13.689336 1.158127 888 892 893 
892 68.066727 -12.114408 1.165003 889 893 895 
893 68.040268 -11.025623 1.624763 889 892 895 
895 67.903763 -9.607166 1.302606 768 892 893 
900 64.197334 -6.950227 0.953622 764 765 901 
901 62.354374 -4.705194 0.908268 763 764 900 902 1272 
902 62.541351 -2.424368 1.513538 764 901 905 907 1272 
905 62.585121 -0.349625 1.492687 902 907 909 
907 62.611832 1.629902 1.494315 902 905 909 911 
909 62.577324 3.622943 1.598323 905 907 911 913 
911 62.469406 5.275147 1.487043 907 909 913 
913 62.473309 7.064777 1.594523 909 911 916 917 
916 62.525902 8.957709 1.392878 913 917 
917 62.461971 9.991891 1.400025 913 916 918 1257 
918 61.018154 10.893697 0.582348 917 919 
919 59.866245 11.124756 0.933196 918 920 921 1257 
920 58.978455 11.235675 1.152851 919 921 922 
921 58.168446 11.574393 0.914763 919 920 922 
922 57.099781 12.408537 0.994041 920 921 923 
923 55.274036 13.297883 0.884648 922 924 1249 
924 53.540623 14.119066 1.029634 923 925 926 1249 
925 53.095024 14.899485 1.453229 924 926 927 
926 52.550224 16.027645 1.204888 925 927 924 
927 52.860569 17.440105 1.274289 925 926 928 
928 53.499527 18.150614 1.389679 927 930 
930 55.010120 18.622795 1.408476 928 932 
932 57.375099 18.657555 1.291541 930 934 
934 59.985386 18.671556 1.271517 932 936 
936 61.919914 18.671408 1.157538 934 938 
938 65.147354 18.302607 1.294818 936 939 949 950 
939 66.149002 17.505661 1.481663 938 941 942 949 950 
941 66.311775 15.355400 1.301054 939 942 
942 66.220543 13.278675 1.477408 939 941 
949 66.729141 18.154739 1.243251 938 939 950 951 
950 68.201607 18.687584 1.369928 938 939 949 951 
951 70.557236 18.781731 1.332273 950 954 949 
954 73.197708 18.755951 1.325797 951 957 
957 76.297142 18.739532 1.350494 954 960 963 
960 78.997391 18.752918 1.335767 957 963 965 
963 80.730949 18.789635 1.311216 960 965 966 957 
965 82.474655 18.717409 1.222612 960 963 966 967 
966 83.848511 18.518929 1.264036 963 965 967 969 
967 85.050224 18.101973 1.431843 965 966 969 970 
969 86.556755 18.711937 1.255304 966 967 970 971 
970 87.951454 18.827829 1.310888 969 971 967 
971 89.992455 18.760086 1.455065 969 970 973 
973 91.976097 19.464546 1.447097 971 976 977 
976 92.549179 20.364059 1.475508 973 977 979 
977 92.780045 21.934759 1.658854 976 979 980 973 
979 92.975471 23.497849 1.462127 977 980 976 
980 92.866348 25.835632 1.602604 977 979 983 
983 92.839546 27.891029 1.693465 980 985 
985 92.862244 29.873955 1.656174 983 987 
987 92.878166 31.755589 1.626177 985 989 991 
989 92.851631 33.473484 1.694811 987 991 992 
991 92.765045 34.235046 1.466917 987 989 992 
992 92.789558 35.690464 1.202034 989 991 993 1185 
993 92.009048 36.829124 0.819348 992 994 1185 
994 89.944878 37.603325 0.989227 993 995 
995 87.978737 38.045135 1.107406 994 997 998 
997 86.601616 38.575253 1.227080 995 998 
998 86.271057 40.144371 1.072868 995 997 999 
999 86.658501 42.326920 1.083026 998 1000 
1000 86.375847 44.413769 1.011653 999 1001 1141 1143 
1001 86.618484 46.880894 1.193054 1000 1003 1143 1145 
1003 86.533661 48.825752 1.218284 1001 1004 1005 
1004 86.314781 50.200047 0.977765 1003 1005 
1005 86.387451 51.112530 1.025381 1003 1004 1006 
1006 87.387794 52.608540 1.000922 1005 1007 
1007 90.088737 53.519924 1.311996 1006 1010 
1010 92.224236 53.357685 1.237241 1007 1012 
1012 94.248161 53.419510 1.151638 1010 1014 
1014 96.025574 53.334446 1.340276 1012 1016 
1016 97.686440 53.473068 1.345164 1014 1018 
1018 99.426971 53.936420 1.108237 1016 1019 1020 1049 
1019 100.897728 55.236954 1.046011 1018 1020 1021 1049 
1020 101.565598 55.845779 1.185613 1018 1019 1021 1049 
1021 100.989891 57.850872 1.654705 1020 1023 1019 
1023 100.906769 59.804264 1.319656 1021 1025 
1025 100.917633 61.860558 1.284801 1023 1027 1042 
1027 100.159538 63.976082 1.251377 1025 1028 
1028 100.245071 65.855537 1.496574 1027 1031 
1031 100.925575 67.093895 1.499169 1028 1034 
1034 102.746513 67.670715 1.174743 1031 1035 
1035 104.643608 66.346054 1.461956 1034 1038 
1038 105.162643 64.988052 1.404658 1035 1039 
1039 104.299973 63.210018 1.360773 1038 1042 
1042 102.786713 62.213844 1.100628 1025 1039 
1049 101.685280 54.328075 1.218318 1018 1019 1020 1050 1051 
1050 102.372772 52.812813 1.426459 1049 1051 1053 
1051 102.959335 51.788586 1.251655 1049 1050 1053 
1053 103.604446 49.961124 1.323442 1050 1051 1055 1108 1110 1111 
1055 105.296173 49.042404 1.111758 1053 1056 1108 1110 
1056 107.946404 49.182018 1.515643 1055 1058 1060 1108 
1058 109.904793 49.180767 1.526025 1056 1060 
1060 112.240715 49.178288 1.559539 1056 1058 1063 
1063 114.843422 49.189632 1.548511 1060 1065 
1065 116.669662 49.182045 1.619743 1063 1068 1069 
1068 118.512680 49.011177 1.353017 1065 1069 1077 
1069 120.157158 49.028561 1.228253 1065 1068 1070 1077 1078 
1070 121.247948 49.987568 1.330518 1069 1072 1077 1078 
1072 123.020569 51.105221 1.070437 1070 1073 
1073 124.543457 51.138042 1.289499 1072 
1077 120.805077 48.564392 1.184750 1068 1069 1070 1078 1080 
1078 121.455444 47.483921 1.257802 1070 1077 1080 1069 
1080 121.804337 46.027306 1.120131 1077 1078 1081 1089 
1081 124.161514 45.061523 1.444378 1080 1089 
1089 122.512627 45.258507 1.184102 1080 1081 
1108 106.330734 49.208683 1.473250 1053 1055 1056 
1110 102.848709 48.371029 1.390466 1053 1055 1111 1157 1112 1155 
1111 102.896759 47.622013 1.273418 1053 1110 1112 1157 1171 
1112 102.764114 45.652447 1.539930 1111 1115 1116 1157 1110 1171 
1115 102.706024 43.997574 1.331642 1112 1116 1124 1171 
1116 102.244492 43.119038 1.304612 1115 1117 1123 1124 1112 1127 
1117 104.728050 42.107265 1.105214 1116 1118 1123 1124 
1118 105.762253 41.077297 1.564196 1117 1120 1123 1124 
1120 106.716553 39.792660 1.192048 1118 
1123 103.982491 40.957439 1.346354 1116 1117 1118 1124 1176 
1124 103.600868 42.125317 1.361406 1115 1116 1117 1118 1123 
1127 100.177338 43.408447 1.327981 1116 1128 
1128 97.914093 43.243538 1.375079 1127 1131 1132 
1131 96.195244 43.131413 1.149684 1128 1132 
1132 94.459061 43.261757 1.311036 1128 1131 1135 1137 
1135 92.550751 43.081749 1.323056 1132 1137 1140 
1137 90.961983 43.345528 1.263449 1132 1135 1140 1141 
1140 89.718750 43.345119 1.068650 1135 1137 1141 
1141 88.783653 43.213047 0.794399 1137 1140 1000 
1143 86.386887 45.711136 0.955044 1000 1001 
1145 89.283516 47.646492 1.065845 1001 1146 
1146 91.107193 48.110828 1.427730 1145 1148 
1148 92.884743 47.944435 1.304438 1146 1150 
1150 95.150368 48.157940 1.410829 1148 1152 1153 
1152 96.393791 48.365685 1.243575 1150 1153 
1153 98.128296 48.194103 1.403180 1150 1152 1155 
1155 99.641800 48.145073 1.434582 1153 1157 1110 
1157 101.515671 48.068909 1.376437 1110 1111 1112 1155 
1171 103.184212 45.797211 1.018894 1111 1112 1115 
1176 103.087761 39.519596 1.131415 1123 1178 
1178 100.496140 38.133556 1.147626 1176 1180 
1180 98.395821 37.988651 1.326037 1178 1182 1184 
1182 96.764259 37.646542 1.365531 1180 1184 
1184 95.624367 37.623161 1.075034 1180 1182 1185 
1185 94.042046 37.363594 0.907650 992 993 1184 
1249 56.453434 15.137211 0.796297 923 924 1251 
1251 58.033695 15.448937 0.874202 1249 1253 
1253 60.706890 15.793832 0.787368 1251 1254 
1254 62.547119 15.181273 0.899049 1253 1256 
1256 62.980389 13.444320 0.747537 1254 1257 
1257 62.142845 11.654517 1.148264 917 919 1256 
1272 62.462589 -4.219038 1.419677 763 764 901 902 
1282 55.574322 -6.835200 1.467866 757 758 759 1283 1284 
1283 54.452045 -6.855044 1.483644 723 757 758 1282 1284 
1284 53.275925 -7.027854 1.539138 723 725 757 1282 1283 
1300 37.108467 -6.930429 1.473922 378 433 377 
1317 22.303820 -0.641061 1.045635 310 410 411 1318 
1318 20.367775 -0.008492 1.202381 1317 1319 
1319 18.422630 -0.056115 1.520325 1318 1321 
1321 16.678253 -0.062816 1.422948 89 1319 
